time    FitnessVolume
0.0 0.20892327526 0.226769825779 0.2 0.2 
0.5 0.347764010371 0.57126330802 0.200113547372 0.271915175721 
1.0 0.723826329767 0.97115142603 0.200332178605 0.999995384667 
1.5 0.51954347002 0.931500544235 0.20419443934 0.422935426485 
2.0 0.477218826943 0.939135405073 0.208110612476 0.284410463281 
2.5 0.48537864829 0.982104269184 0.210953109028 0.263078566658 
3.0 0.484720279893 0.994111316056 0.213165272298 0.246884251326 
3.5 0.482346075602 0.997402165078 0.214131852052 0.235504209676 
4.0 0.489335553004 0.997141536658 0.215580351554 0.255284770801 
4.5 0.482326501255 0.97643072778 0.215770066622 0.254778709364 
5.0 0.471095881634 0.958151687843 0.217009560398 0.238126396662 
5.5 0.463815144889 0.931456247268 0.218393700836 0.241595486562 
6.0 0.462265334312 0.922917045447 0.217683885757 0.246195071731 
6.5 0.460710076058 0.922313788992 0.218546508135 0.241269931046 
7.0 0.452559759037 0.885275760166 0.220231575865 0.252171941079 
7.5 0.447106069557 0.865380807605 0.218736927945 0.257200473121 
8.0 0.434413531348 0.812251339876 0.218543653554 0.272445600613 
8.5 0.436485789638 0.818073288971 0.218211283499 0.273172796443 
9.0 0.440669415173 0.819653845646 0.221149214062 0.28120518581 
9.5 0.441945961875 0.80595918084 0.22225854526 0.297620159525 
10.0 0.449978055394 0.83783794197 0.223237291128 0.288858933083 
10.5 0.45596950162 0.846843971526 0.223956090084 0.297108443251 
11.0 0.448348892342 0.842546435263 0.225994916658 0.276505325104 
11.5 0.43321674608 0.83104414928 0.227842345336 0.240763743624 
12.0 0.425717427879 0.805239052767 0.230973537923 0.240939692948 
12.5 0.42265638395 0.792438741121 0.232521268784 0.243009141945 
13.0 0.43173650058 0.799277014082 0.236500767731 0.259431719928 
13.5 0.420905098428 0.766503152685 0.2357481699 0.260463972699 
14.0 0.418991961036 0.772328924466 0.23219249475 0.25245446389 
14.5 0.410712469421 0.754529448845 0.233447886988 0.244160072431 
15.0 0.39436645434 0.724420767182 0.233157157354 0.225521438484 
15.5 0.398149548559 0.737759950087 0.234864824544 0.221823871045 
16.0 0.408861255303 0.769493221597 0.233326199323 0.223764344989 
16.5 0.401219334435 0.721809418872 0.238091523859 0.243757060576 
17.0 0.393649128995 0.689217804285 0.239975048059 0.251754534642 
17.5 0.395113986813 0.686053412463 0.240076572757 0.259211975221 
18.0 0.398351596077 0.710520271191 0.23942989044 0.245104626598 
18.5 0.393025735531 0.702428459665 0.241736454873 0.234912292056 
19.0 0.383128325137 0.698540485974 0.23312980748 0.217714681958 
19.5 0.366481391533 0.644171670302 0.234856782802 0.220415721496 
20.0 0.36399855471 0.633673077714 0.235934873577 0.222387712841 
20.5 0.361067691932 0.603487840593 0.23574606139 0.243969173813 
21.0 0.352777621184 0.582427906576 0.236421376259 0.239483580718 
21.5 0.350913611248 0.555960425731 0.239585685189 0.257194722824 
22.0 0.344365166829 0.529652862948 0.243711715179 0.259730922359 
22.5 0.345145466999 0.521483498712 0.246639698545 0.26731320374 
23.0 0.334309678838 0.485396113864 0.249122702353 0.268410220297 
23.5 0.334351079345 0.512915524417 0.249309721064 0.240827992553 
24.0 0.338856059016 0.520828043204 0.253464158744 0.242275975101 
24.5 0.342455574407 0.52433495948 0.251779578768 0.251252184972 
25.0 0.350868959907 0.562210867785 0.256567422078 0.233828589857 
25.5 0.351795184125 0.56098476499 0.259498683231 0.234902104154 
26.0 0.345901070925 0.535153139422 0.264400847704 0.23814922565 
26.5 0.349005536988 0.523257777785 0.269208267299 0.254550565879 
27.0 0.35688170245 0.54609412171 0.266298799419 0.25825218622 
27.5 0.357161655186 0.558656950031 0.270255513291 0.242572502237 
28.0 0.354806716719 0.593382770979 0.265873466253 0.205163912924 
28.5 0.342963992225 0.552874143592 0.267768730121 0.20824910296 
29.0 0.344672913302 0.583753748932 0.269499915866 0.18076507511 
29.5 0.357353503087 0.631312477682 0.270068879615 0.170679151966 
30.0 0.35748668329 0.628814574371 0.274908374467 0.168737101031 
30.5 0.365639410556 0.654253053003 0.276957122035 0.16570805663 
31.0 0.376968849048 0.673717628515 0.281471570851 0.175717347779 
31.5 0.386921436914 0.681796171254 0.284741686023 0.194226453465 
32.0 0.381181001957 0.688234872364 0.280474998922 0.174833134586 
32.5 0.361666903719 0.634815925766 0.281236093628 0.168948691762 
33.0 0.360748804542 0.645398729915 0.280398462315 0.156449221397 
33.5 0.360400295866 0.647543933974 0.276001738137 0.157655215488 
34.0 0.369616379966 0.665292551327 0.279232120621 0.164324467952 
34.5 0.372689569564 0.67817636518 0.277576950989 0.162315392522 
35.0 0.361019647262 0.635945673359 0.278711879409 0.168401389017 
35.5 0.36708046309 0.65061254936 0.278140375785 0.172488464124 
36.0 0.375352033246 0.667281123076 0.278588595996 0.180186380665 
36.5 0.368464183361 0.660890059515 0.274776087798 0.169726402768 
37.0 0.367373498977 0.66229691771 0.274503160376 0.165320418845 
37.5 0.352186911349 0.605901690239 0.276777440788 0.173881603019 
38.0 0.348029530096 0.595924451692 0.278433824932 0.169730313664 
38.5 0.343687719459 0.592026057764 0.274965279082 0.16407182153 
39.0 0.352211915597 0.627307510031 0.272998145061 0.156330091698 
39.5 0.338385371682 0.597791326906 0.269601145735 0.147763642406 
40.0 0.350398943683 0.633586877994 0.271982818314 0.14562713474 
40.5 0.360036132549 0.658463077118 0.273643230788 0.148002089743 
41.0 0.365904194892 0.678720660359 0.272432562346 0.146559361971 
41.5 0.353262571224 0.654816954292 0.269251463817 0.135719295563 
42.0 0.341888609867 0.626544172529 0.266379424651 0.13274223242 
42.5 0.34351193579 0.623802683005 0.269272436289 0.137460688075 
43.0 0.350731209784 0.63355814641 0.27315538232 0.145480100624 
43.5 0.3445252216 0.598246661037 0.279380427931 0.155948575831 
44.0 0.339861600896 0.574323425677 0.284041072163 0.161220304849 
44.5 0.330561656173 0.555732979837 0.28319567687 0.152756311812 
45.0 0.347429482119 0.595222941278 0.287615175897 0.159450329182 
45.5 0.337980059857 0.57104382282 0.287287602057 0.155608754694 
46.0 0.335947811754 0.565368592395 0.287165742277 0.155309100589 
46.5 0.342564082435 0.579285371956 0.287990401661 0.160416473687 
47.0 0.343894276267 0.588951572345 0.28515770809 0.157573548366 
47.5 0.322795339703 0.539243409616 0.277966249638 0.151176359854 
48.0 0.330188334146 0.551278601409 0.282959213339 0.15632718769 
48.5 0.335916741162 0.563847052675 0.285036569126 0.158866601685 
49.0 0.332763668548 0.547118547668 0.28963511885 0.161537339124 
49.5 0.325318486852 0.518348158227 0.293975374504 0.163631927825 
50.0 0.32211741006 0.512017480395 0.294810346489 0.159524403295 
50.5 0.32364616367 0.526569862204 0.291281805961 0.153086822845 
51.0 0.325259198917 0.537613956149 0.292651000535 0.145512640067 
51.5 0.328802115533 0.54875478368 0.295444739507 0.142206823411 
52.0 0.324410423513 0.534738785406 0.296902632581 0.141589852552 
52.5 0.334061515645 0.568978801905 0.293676434294 0.139529310737 
53.0 0.332337893894 0.558063262237 0.293918000164 0.145032419281 
53.5 0.328610822116 0.556552165709 0.289053621769 0.140226678871 
54.0 0.335153291245 0.561856569784 0.295286212736 0.148317091216 
54.5 0.333806169984 0.564735840189 0.290468991032 0.146213678731 
55.0 0.329611752429 0.547535212566 0.291038859692 0.15026118503 
55.5 0.334050231899 0.563307779457 0.291377105085 0.147465811154 
56.0 0.327154382877 0.535379275798 0.29359988235 0.152483990484 
56.5 0.317515714311 0.511885013225 0.291238586003 0.149423543703 
57.0 0.330798351206 0.551672263187 0.289744029828 0.150978760604 
57.5 0.333704410014 0.547843085846 0.291734021431 0.161536122764 
58.0 0.332596878081 0.554687777344 0.286838377241 0.156264479657 
58.5 0.338984116948 0.601455170346 0.276787443238 0.138709737261 
59.0 0.33893997798 0.600880289624 0.278291867672 0.137647776645 
59.5 0.345147975729 0.611886343226 0.282121129086 0.141436454876 
60.0 0.354983129226 0.638331613112 0.283306383594 0.143311390971 
60.5 0.352913968346 0.636327337746 0.279403761589 0.143010805704 
61.0 0.349768761206 0.625546341352 0.279557475104 0.144202467162 
61.5 0.346509414221 0.631850112038 0.27470846855 0.132969662074 
62.0 0.344266050556 0.622126163264 0.276844857752 0.133827130651 
62.5 0.321351736213 0.55338531829 0.273579403241 0.137090487107 
63.0 0.325152509558 0.56691344747 0.273148543446 0.135395537758 
63.5 0.331398021032 0.596172194168 0.269033896455 0.128987972472 
64.0 0.3242438045 0.566880400407 0.27281712762 0.133033885471 
64.5 0.329038411134 0.585082001044 0.271659623126 0.130373609231 
65.0 0.333572315583 0.585061652537 0.276197673562 0.139457620651 
65.5 0.340875189729 0.599102845404 0.277975433636 0.145547290145 
66.0 0.335818421185 0.572408429402 0.280789837529 0.154256996625 
66.5 0.335055058731 0.590849449287 0.269818475706 0.1444972512 
67.0 0.329656490732 0.594178725725 0.2612953762 0.133495370272 
67.5 0.319299245455 0.5720820086 0.26139094644 0.124424781324 
68.0 0.322814247218 0.586161276274 0.26194268822 0.120338777161 
68.5 0.322819500639 0.576310710622 0.264986875348 0.127160915947 
69.0 0.324920274728 0.570791169454 0.265795516984 0.138174137745 
69.5 0.322759966148 0.549526287458 0.269007502292 0.149746108695 
70.0 0.332144266821 0.580632418118 0.267905768568 0.147894613777 
70.5 0.335279752277 0.583239360301 0.26968098878 0.152918907751 
71.0 0.331193555638 0.565309246282 0.269657032601 0.158614388032 
71.5 0.33252670369 0.570060330871 0.270906473983 0.156613306217 
72.0 0.337371164939 0.578229717946 0.270766567597 0.163117209274 
72.5 0.322846913876 0.556623731948 0.266651306656 0.145265703022 
73.0 0.321300418879 0.552499115832 0.269313129013 0.14208901179 
73.5 0.323151591899 0.573321895873 0.268778895565 0.127353984258 
74.0 0.332746101953 0.599261755252 0.273497612595 0.125478938013 
74.5 0.331483610627 0.59156751172 0.275763133741 0.127120186419 
75.0 0.338632092255 0.610001085148 0.279744811216 0.126150380402 
75.5 0.331321970985 0.592450629134 0.278533777523 0.122981506298 
76.0 0.334503985524 0.604704314532 0.277498391386 0.121309250655 
76.5 0.343187184354 0.629207799892 0.27992039464 0.120433358529 
77.0 0.354861248827 0.646663532598 0.286314146305 0.131606067577 
77.5 0.356427835097 0.645972799092 0.287826505487 0.135484200714 
78.0 0.353393096572 0.638974094593 0.284560347369 0.136644847755 
78.5 0.362290897604 0.652701887164 0.289293962203 0.144876843444 
79.0 0.360084236522 0.6282929048 0.294566418401 0.157393386366 
79.5 0.353851404128 0.617079719663 0.291042573912 0.153431918809 
80.0 0.351096869697 0.611753047386 0.292084040693 0.149453521014 
80.5 0.359004877787 0.64017349201 0.2904852 0.146355941352 
81.0 0.361896696473 0.647558491925 0.288593003709 0.149538593786 
81.5 0.356362882765 0.626258970358 0.28980543101 0.153024246927 
82.0 0.352731897968 0.612124924206 0.288805725787 0.157265043911 
82.5 0.357978090367 0.63712713611 0.285261724028 0.151545410963 
83.0 0.353366798148 0.616684563675 0.288333235021 0.155082595748 
83.5 0.36156564105 0.63662989046 0.288657304278 0.159409728413 
84.0 0.360479924572 0.64134531243 0.284621227917 0.155473233369 
84.5 0.358454779447 0.64732558755 0.279263357822 0.14877539297 
85.0 0.352419618597 0.624087139697 0.282922065384 0.150249650712 
85.5 0.344433413124 0.598764404146 0.283867954873 0.150667880352 
86.0 0.339178852433 0.57296169916 0.284151759329 0.16042309881 
86.5 0.33510918876 0.579945108055 0.274588788594 0.150793669631 
87.0 0.339529595841 0.615486062638 0.26478409404 0.138318630844 
87.5 0.344586545005 0.631233649397 0.268873489302 0.133652496314 
88.0 0.347400919051 0.632086764277 0.272925121426 0.137190871449 
88.5 0.34630986961 0.623603615079 0.276460651585 0.138865342167 
89.0 0.348037391714 0.625503600741 0.276279222452 0.14232935195 
89.5 0.339376414633 0.595085464249 0.2754007648 0.147643014849 
90.0 0.342003200046 0.610729464925 0.274962261026 0.140317874186 
90.5 0.33451723173 0.593540524351 0.276770917706 0.133240253133 
91.0 0.332296230426 0.569555845412 0.281614759947 0.145718085918 
91.5 0.326921202169 0.547387744825 0.282122466722 0.15125339496 
92.0 0.329144941866 0.550550016612 0.281489353151 0.155395455834 
92.5 0.334406888778 0.57567443298 0.276689613501 0.150856619853 
93.0 0.328764069519 0.573869219757 0.2690992681 0.143323720699 
93.5 0.339315445388 0.597970669661 0.27182561701 0.148150049493 
94.0 0.33507229768 0.594886165719 0.268631232794 0.141699494528 
94.5 0.339712622276 0.608448363944 0.269770534019 0.140918968866 
95.0 0.334051297277 0.589149329431 0.270250034042 0.142754528359 
95.5 0.345239211993 0.617362081561 0.271237385658 0.147118168759 
96.0 0.352651819121 0.639913264769 0.272892674704 0.145149517889 
96.5 0.350193089381 0.627864347515 0.274283441167 0.148431479462 
97.0 0.355716711935 0.641888262252 0.273474922447 0.151786951106 
97.5 0.356667212562 0.645246179858 0.277020242451 0.147735215377 
98.0 0.360645618766 0.662370618175 0.276897501414 0.142668736709 
98.5 0.357838942041 0.655293183462 0.272826942921 0.145396699739 
99.0 0.362876052408 0.667133171672 0.272568911997 0.148926073554 
99.5 0.36144474001 0.668043330665 0.272955865095 0.143335024269 
100.0 0.357886066812 0.660720752972 0.273652656644 0.139284790821 
100.5 0.360927029655 0.673955482555 0.275138674608 0.133686931801 
101.0 0.353786551128 0.647937065382 0.276199842008 0.137222745996 
101.5 0.347281938013 0.625354023894 0.27718923657 0.139302553575 
102.0 0.344463848061 0.612258277677 0.276730044305 0.144403222203 
102.5 0.34207927588 0.613529678202 0.275235355171 0.137472794269 
103.0 0.347200051434 0.626045125148 0.278237563384 0.13731746577 
103.5 0.339818367045 0.606961278811 0.276451098795 0.136042723527 
104.0 0.344690644 0.603237818668 0.282279473391 0.14855463994 
104.5 0.336396833763 0.581968485001 0.278425497666 0.148796518622 
105.0 0.338457985523 0.580645901365 0.281899196098 0.152828859107 
105.5 0.340592924265 0.590630745998 0.28394932537 0.147198701426 
106.0 0.334014156376 0.573255178627 0.282705122996 0.146082167507 
106.5 0.335777805999 0.575339781843 0.28189162409 0.150102012064 
107.0 0.339434341658 0.592197227559 0.277674317954 0.148431479462 
107.5 0.337795146106 0.594563273222 0.273919756621 0.144902408475 
108.0 0.334189935233 0.584234623563 0.269541913891 0.148793268246 
108.5 0.342146825003 0.59308792742 0.271710553377 0.161641994211 
109.0 0.338419398901 0.595092337524 0.267629703452 0.152536155728 
109.5 0.339625665932 0.589108409905 0.269891671467 0.159876916425 
110.0 0.34184540947 0.584939573306 0.266873387035 0.17372326807 
110.5 0.334033906095 0.568329387124 0.266689821789 0.167082509373 
111.0 0.333682681596 0.560912712974 0.267632200098 0.172503131716 
111.5 0.333827295245 0.551730365489 0.270268158271 0.179483361974 
112.0 0.334857804843 0.538579714451 0.272199696941 0.193794003138 
112.5 0.343543407964 0.593238763502 0.269974994963 0.167416465426 
113.0 0.336439298446 0.572801671958 0.266607830642 0.169908392737 
113.5 0.335200833531 0.577551431236 0.265006589719 0.163044479639 
114.0 0.342840041068 0.598315673919 0.264451631819 0.165752817467 
114.5 0.339934223879 0.588481256045 0.264024464223 0.167296951369 
115.0 0.353570765129 0.633572512098 0.262917435163 0.164222348125 
115.5 0.351127508074 0.618718663439 0.266376529855 0.168287330926 
116.0 0.350700649185 0.615873634932 0.265547846802 0.170680465821 
116.5 0.356335055881 0.645442319554 0.260773179094 0.162789668995 
117.0 0.346606139077 0.603758784084 0.264138531817 0.171921101329 
117.5 0.354638937451 0.61797652778 0.268717809624 0.177222474948 
118.0 0.34987830506 0.626187683245 0.261478492244 0.161968739691 
118.5 0.352940872351 0.631441483089 0.261906693296 0.165474440667 
119.0 0.361457350322 0.665418134777 0.260494730086 0.158459186105 
119.5 0.356986033853 0.641026911363 0.261424023706 0.16850716649 
120.0 0.365271702234 0.649948556459 0.266295079032 0.179571471211 
120.5 0.375463554194 0.67258093311 0.266971660751 0.18683806872 
121.0 0.374851728272 0.682715510356 0.262899145068 0.178940529394 
121.5 0.382957633436 0.705748134672 0.265035343313 0.178089422324 
122.0 0.397329665494 0.742938230651 0.267278398656 0.181772367177 
122.5 0.40170463767 0.77227558245 0.261071753314 0.171766577247 
123.0 0.412650877069 0.801144057754 0.262406758429 0.174401815023 
123.5 0.405768903479 0.804420964549 0.257062701755 0.155823044133 
124.0 0.399799313428 0.798975674834 0.255037624389 0.145384641061 
124.5 0.38651706057 0.76619031519 0.255522722875 0.137838143647 
125.0 0.376073492641 0.738691525438 0.255056364504 0.134472587982 
125.5 0.379943188492 0.752221892516 0.25508174466 0.132525928299 
126.0 0.382825396615 0.760296903882 0.252420037972 0.13575924799 
126.5 0.391738914241 0.78266135779 0.255945101043 0.136610283889 
127.0 0.394381640441 0.788426916543 0.255782387502 0.138935617279 
127.5 0.391621646631 0.767456812643 0.258336045971 0.14907208128 
128.0 0.382621027944 0.742586823194 0.259555018903 0.145721241736 
128.5 0.381105689659 0.744168225738 0.259543830388 0.13960501285 
129.0 0.382216557423 0.746750729955 0.261156337585 0.13874260473 
129.5 0.369164011686 0.703494156421 0.259223231509 0.144774647128 
130.0 0.359238300281 0.679996409619 0.254702563572 0.143015927652 
130.5 0.351925432717 0.655557023065 0.256060848482 0.144158426604 
131.0 0.359021965614 0.685903586696 0.253206457315 0.137955852832 
131.5 0.337042999011 0.629815827009 0.249320326923 0.131992843102 
132.0 0.33981869352 0.642851774908 0.248481298499 0.128123007153 
132.5 0.331640654713 0.625909714885 0.248363683122 0.120648566131 
133.0 0.326338110461 0.621118879097 0.244946834987 0.112948617297 
133.5 0.332120709341 0.631520328076 0.247601742444 0.117240057503 
134.0 0.331508394324 0.629622647595 0.24538722398 0.119515311399 
134.5 0.343862306808 0.664443331986 0.247825562491 0.119318025948 
135.0 0.332475522325 0.636089680818 0.245794105499 0.115542780658 
135.5 0.330559615151 0.64144664196 0.244310902872 0.105921300619 
136.0 0.342322815785 0.674951920622 0.247803769482 0.104212757252 
136.5 0.331786696011 0.647791445006 0.24584540086 0.101723242167 
137.0 0.335393259904 0.655527704675 0.247521068245 0.103131006792 
137.5 0.346278068587 0.678511866636 0.249739360506 0.110582978618 
138.0 0.346441496822 0.664472860789 0.253911901153 0.120939728525 
138.5 0.358056777899 0.713585166176 0.24649414412 0.114091023401 
139.0 0.355145326366 0.704439347047 0.245081172927 0.115915459125 
139.5 0.352840226897 0.695947548736 0.246342740165 0.116230391791 
140.0 0.359549261847 0.717116961813 0.249848728971 0.111682094756 
140.5 0.351310973843 0.696489977333 0.248289457837 0.109153486359 
141.0 0.353741007587 0.696301617119 0.251958888787 0.112962516855 
141.5 0.361768066567 0.72384961754 0.248939272901 0.112515309261 
142.0 0.368235729563 0.744168225738 0.248923774756 0.111615188196 
142.5 0.354365744055 0.705521124402 0.244093893168 0.113482214596 
143.0 0.353863343348 0.701416148544 0.245961425752 0.114212455747 
143.5 0.350696508952 0.688309885829 0.248730345317 0.115049295712 
144.0 0.347280216377 0.679556119635 0.247670812437 0.11461371706 
144.5 0.340124151776 0.666290161236 0.244356990775 0.109725303316 
145.0 0.349144788141 0.688279880054 0.243550844572 0.115603639797 
145.5 0.341281853483 0.667865690393 0.24250207409 0.113477795964 
146.0 0.332003595938 0.636723555924 0.242350659912 0.116936571977 
146.5 0.331058391633 0.629865916844 0.243917601786 0.119391656268 
147.0 0.333325139014 0.630460036097 0.243758754457 0.125756626489 
147.5 0.322304508832 0.599793988456 0.240593007066 0.126526530974 
148.0 0.323070679697 0.601212700738 0.241780802747 0.126218535606 
148.5 0.32334468883 0.592710966654 0.243136835502 0.134186264333 
149.0 0.31791252252 0.593039940323 0.234689389017 0.12600823822 
149.5 0.320622622866 0.599904626905 0.234974648899 0.126988592794 
150.0 0.316229076249 0.586929266521 0.2356645518 0.126093410427 
150.5 0.313480461578 0.587106084699 0.232506436322 0.120828863714 
151.0 0.320265206956 0.603335040313 0.237218678985 0.120241901571 
151.5 0.314016208174 0.579951843193 0.237209465549 0.124887315781 
152.0 0.321231359733 0.59792238107 0.23901378963 0.1267579085 
152.5 0.320177227345 0.591834393086 0.241457894523 0.127239394426 
153.0 0.329010012241 0.616910345559 0.245479955205 0.124639735959 
153.5 0.343744796529 0.654655812248 0.252505159727 0.12407341761 
154.0 0.333523618854 0.615429702698 0.254659699328 0.130481454535 
154.5 0.34406781222 0.649387018934 0.256412440037 0.126403977689 
155.0 0.339010360895 0.623361947109 0.258065797565 0.135603338013 
155.5 0.33307006229 0.613775744437 0.252392699271 0.133041743161 
156.0 0.320833556691 0.577484309468 0.255412383428 0.129603977175 
156.5 0.327877216069 0.591759109405 0.260000280282 0.13187225852 
157.0 0.328984836033 0.590617079135 0.261572939948 0.134764489016 
157.5 0.327008831386 0.592930266779 0.257486091114 0.130610136265 
158.0 0.315407413085 0.563018595142 0.251341427225 0.131862216887 
158.5 0.310559802451 0.545838284459 0.251865180976 0.133975941918 
159.0 0.31732025591 0.564472371347 0.251777659881 0.135710736502 
159.5 0.323782712264 0.590029637102 0.250303595804 0.131014903885 
160.0 0.323494155605 0.574149723659 0.253680339432 0.142652403725 
160.5 0.333422241102 0.608057137527 0.251174178364 0.141035407416 
161.0 0.341962903389 0.638432651203 0.247324970077 0.140131088888 
161.5 0.341383710842 0.652621458238 0.242626583998 0.12890309029 
162.0 0.354919136595 0.694358801787 0.244567299175 0.125831308823 
162.5 0.364060650043 0.722151910069 0.241357761682 0.128672278377 
163.0 0.367902432777 0.746957036937 0.235902863154 0.12084739824 
163.5 0.373360109795 0.745818547616 0.239336622325 0.134925159444 
164.0 0.368566798819 0.718006260101 0.243082999349 0.144611137008 
164.5 0.373009690695 0.714222850742 0.245082653784 0.15972356756 
165.0 0.373351010869 0.705505991168 0.245377953434 0.169169088004 
165.5 0.372255762804 0.717268960626 0.243622080217 0.15587624757 
166.0 0.374820539883 0.720934314076 0.239118708765 0.164408596809 
166.5 0.37918334024 0.728596393051 0.238932904473 0.170020723194 
167.0 0.37345243089 0.699257144516 0.238195543146 0.182904605008 
167.5 0.379110488827 0.719101123596 0.239740897172 0.178489445714 
168.0 0.367277482677 0.667281123076 0.242171680443 0.19237964451 
168.5 0.374773073448 0.680914702745 0.238152431856 0.205252085744 
169.0 0.375702978339 0.678653544979 0.242762510693 0.205692879346 
169.5 0.386538765518 0.71818871137 0.240203019143 0.201224566041 
170.0 0.38392171794 0.710687080939 0.239010925811 0.202067147072 
170.5 0.383099448207 0.711134486778 0.239638485233 0.19852537261 
171.0 0.377163340224 0.674527979156 0.242656537571 0.214305503944 
171.5 0.38860242009 0.687544900899 0.247685455577 0.230576903793 
172.0 0.386837437689 0.675502484179 0.246205614395 0.238804214493 
172.5 0.386612429844 0.675748072289 0.245258961236 0.238830256006 
173.0 0.39697123183 0.697047628643 0.247048236604 0.246817830244 
173.5 0.399815404579 0.687170032298 0.246940501202 0.265335680235 
174.0 0.396465977515 0.679004068849 0.248701650232 0.261692213464 
174.5 0.387149414794 0.645384200421 0.247990596041 0.26807344792 
175.0 0.382503585767 0.647281923409 0.242925976942 0.257302856949 
175.5 0.381108654712 0.644890312582 0.240251676166 0.258183975389 
176.0 0.387124835218 0.644164413716 0.24109282368 0.276117268257 
176.5 0.376647998084 0.637934773412 0.237015740521 0.254993480317 
177.0 0.379306990634 0.644657972175 0.234293735555 0.258969264171 
177.5 0.375169289481 0.643903209047 0.234567875913 0.247036783483 
178.0 0.369740958403 0.608434388437 0.235642073071 0.265146413699 
178.5 0.382259951291 0.61773634901 0.24029169296 0.288751811903 
179.0 0.374028373923 0.608490291858 0.240697050938 0.272897778973 
179.5 0.382287401484 0.618011853633 0.244613082551 0.284237268268 
180.0 0.385773307507 0.629286464228 0.244759370793 0.283274087499 
180.5 0.377571279308 0.596667914432 0.245044525535 0.291001397957 
181.0 0.386209733307 0.622268123169 0.246219396883 0.290141679869 
181.5 0.393377749003 0.61190037557 0.246337148804 0.321895722636 
182.0 0.39174407251 0.629958947683 0.241198607105 0.304074662741 
182.5 0.383180096158 0.607128705636 0.240057847556 0.302353735283 
183.0 0.373487716561 0.570744638226 0.242926708666 0.30679180279 
183.5 0.366524291192 0.559878663976 0.241087753435 0.298606456165 
184.0 0.362295182127 0.537323908474 0.241122885926 0.308438751981 
184.5 0.360129699932 0.540123166251 0.240534147862 0.299731785682 
185.0 0.379574855174 0.581806405761 0.243561124283 0.313357035479 
185.5 0.375994940394 0.570545254563 0.244156869397 0.313282697221 
186.0 0.364631348571 0.554123696133 0.240962491384 0.298807858196 
186.5 0.362693751582 0.561535243106 0.242031828074 0.284514183566 
187.0 0.36429489589 0.543145773616 0.244299474872 0.30543943918 
187.5 0.362404750756 0.529503596843 0.24837838098 0.309332274445 
188.0 0.374811631242 0.593183910596 0.242694534596 0.288556448535 
188.5 0.357881976821 0.545269433264 0.244750871052 0.283625626148 
189.0 0.359116273795 0.554499694293 0.245575702974 0.277273424118 
189.5 0.364599572558 0.586609740379 0.242090450912 0.265098526381 
190.0 0.370345259243 0.584173650136 0.246087202009 0.280774925583 
190.5 0.366854809555 0.593135917511 0.243511566742 0.263916944413 
191.0 0.362444399205 0.574724441999 0.243651463865 0.268957291751 
191.5 0.370741748284 0.603592038998 0.24331310491 0.265320100943 
192.0 0.37177524565 0.597046800759 0.243538729944 0.274740206245 
192.5 0.361688515792 0.589674660799 0.238734783921 0.256656102656 
193.0 0.350541991368 0.546727782105 0.240657304836 0.264240887162 
193.5 0.34075871862 0.515091621877 0.240940778522 0.26624375546 
194.0 0.338502012731 0.535021267311 0.24120078139 0.239283989493 
194.5 0.343819623336 0.544139709471 0.243742950844 0.243576209693 
195.0 0.343536325202 0.533416100454 0.244895420371 0.252297454781 
195.5 0.355545749728 0.568124089876 0.250752314895 0.247760844413 
196.0 0.359164075283 0.580989809581 0.250883663778 0.24561875249 
196.5 0.362086537309 0.576551977026 0.252166440048 0.257541194853 
197.0 0.365981858098 0.575500394423 0.25165450803 0.270790671841 
197.5 0.370645759436 0.587949949238 0.253185577885 0.270801751186 
198.0 0.363979969019 0.567343207467 0.253812182684 0.270784516907 
198.5 0.35781478594 0.569098149939 0.251669466123 0.252676741758 
199.0 0.364087184771 0.56351817509 0.253959256562 0.274784122662 
199.5 0.357994381837 0.557020744936 0.253825759956 0.263136640619 
200.0 0.362974964204 0.57858591016 0.254977902481 0.255361079972 
200.5 0.368201365273 0.581279899081 0.257887821205 0.265436375532 
201.0 0.375220488166 0.612623350579 0.256564273998 0.256473839921 
201.5 0.395570118223 0.683373571624 0.255308753332 0.248028029714 
202.0 0.391113451521 0.671845907394 0.256628032615 0.244866414554 
202.5 0.381365603009 0.643620308559 0.256162920808 0.24431357966 
203.0 0.375300364756 0.634255120453 0.254283684867 0.237362288948 
203.5 0.382601492403 0.639342437423 0.257588522622 0.250873517164 
204.0 0.370489587458 0.627086293097 0.252924005982 0.231458463296 
204.5 0.375398419858 0.641280177139 0.254070704542 0.230844377892 
205.0 0.373585939913 0.654414140251 0.250555844644 0.215787834844 
205.5 0.370369745884 0.638714166475 0.250000735595 0.222394335582 
206.0 0.372073062917 0.645587630889 0.2509367639 0.219694793964 
206.5 0.369724362776 0.650795032614 0.247104373662 0.211273682052 
207.0 0.36918282305 0.671764261451 0.242069329933 0.193714877767 
207.5 0.358654481324 0.646430816142 0.244239765995 0.185292861834 
208.0 0.361910125582 0.671289324454 0.241586044172 0.17285500812 
208.5 0.368325513407 0.687462422781 0.243899209589 0.173614907852 
209.0 0.365871042805 0.688527443165 0.241048644924 0.168037040326 
209.5 0.354232992105 0.650415500149 0.241717919239 0.170565556926 
210.0 0.358143612672 0.662510660786 0.241372995696 0.170547181534 
210.5 0.37116761934 0.695849626218 0.244246030824 0.173407200977 
211.0 0.366653306058 0.688917613879 0.242761414102 0.168280890192 
211.5 0.363336283891 0.666519348148 0.245602060929 0.177887442596 
212.0 0.377586662171 0.705566524694 0.249525744674 0.177667717146 
212.5 0.373816848023 0.696150941918 0.249835814092 0.175463788059 
213.0 0.371139361288 0.692237523088 0.249010354058 0.172170206719 
213.5 0.368509100156 0.683627894138 0.25323275319 0.16866665314 
214.0 0.35246251401 0.634183245 0.251769984524 0.171434312505 
214.5 0.34963833769 0.621899073016 0.252919758891 0.174096181164 
215.0 0.34523557419 0.602973989781 0.252462016326 0.180270716462 
215.5 0.349038518112 0.622168748934 0.249289647337 0.175657158065 
216.0 0.354869271183 0.63975426885 0.24916697934 0.175686565358 
216.5 0.357642467739 0.668702283356 0.244187444647 0.160037675214 
217.0 0.364652506426 0.672424986711 0.248651444464 0.172881088104 
217.5 0.372217571416 0.689345400709 0.251652206891 0.175655106649 
218.0 0.372626343381 0.684750377538 0.248960821243 0.184167831364 
218.5 0.385708057447 0.719283636832 0.251982322994 0.185858212515 
219.0 0.385362222704 0.727186281527 0.251122158628 0.177778227957 
219.5 0.389403087868 0.733462506655 0.254333466291 0.180413290657 
220.0 0.407476188766 0.777963499589 0.257202412811 0.187262653896 
220.5 0.403272165852 0.776258880687 0.253235847062 0.180321769807 
221.0 0.394655268518 0.757615947366 0.251476635901 0.174873222287 
221.5 0.395952448859 0.753620203627 0.253807527841 0.18042961511 
222.0 0.390659796461 0.722639064662 0.256311414659 0.193028910062 
222.5 0.395562787941 0.759372780256 0.25192278274 0.175392800827 
223.0 0.389366022892 0.736233018622 0.253351129599 0.178513920454 
223.5 0.392301462737 0.771086633841 0.243594170146 0.162223584223 
224.0 0.378884652084 0.728070407789 0.244197391917 0.164386156545 
224.5 0.381169662007 0.736736871201 0.24584317033 0.160928944491 
225.0 0.376207986368 0.716752195279 0.245117827651 0.166753936174 
225.5 0.375474773605 0.702549363991 0.248220533972 0.175654422851 
226.0 0.380785138324 0.723088217731 0.248766598055 0.170500599187 
226.5 0.373668783674 0.705029344639 0.250606945306 0.165370061077 
227.0 0.362834105809 0.674966797998 0.248593328364 0.164942191066 
227.5 0.369816599552 0.683822402857 0.252514020748 0.173113375052 
228.0 0.36635091692 0.679108495704 0.25237806891 0.167566186145 
228.5 0.357091989302 0.658654121442 0.250919571574 0.161702274889 
229.0 0.362790171924 0.688197366847 0.247565716138 0.152607432788 
229.5 0.360524178665 0.667318113477 0.251010135462 0.163244287057 
230.0 0.362221079303 0.662879267271 0.253946057972 0.169837912667 
230.5 0.354140106366 0.640542257808 0.248529949656 0.173348111634 
231.0 0.362991685841 0.659205376872 0.251195602428 0.178574078223 
231.5 0.351889449806 0.620261435286 0.251571684648 0.183835229485 
232.0 0.344614497939 0.59244377934 0.25087946225 0.190520252227 
232.5 0.334563283687 0.565348809769 0.250258287879 0.188082753412 
233.0 0.33312003343 0.554246843276 0.252398859761 0.192714397252 
233.5 0.335700229117 0.545927815241 0.252489750243 0.208683121869 
234.0 0.324102757908 0.526155541679 0.246679652786 0.199473079259 
234.5 0.325228037223 0.541340523674 0.245309365951 0.189034222044 
235.0 0.325411531433 0.54456709648 0.247579975713 0.184087522105 
235.5 0.326628419333 0.547406977731 0.246636338302 0.185841941965 
236.0 0.329932427846 0.558291538861 0.246163528316 0.185342216362 
236.5 0.332833907205 0.558363299684 0.250700029954 0.189438391976 
237.0 0.341449915383 0.575212656368 0.250707280282 0.198429809498 
237.5 0.342631444318 0.579406502332 0.250872587224 0.197615243398 
238.0 0.33820286247 0.57600254625 0.247011569594 0.191594471568 
238.5 0.342009182527 0.578464919197 0.249099621933 0.198463006452 
239.0 0.334451214964 0.565777564973 0.246576610863 0.190999469056 
239.5 0.343802542114 0.588610734029 0.247338836357 0.195458055957 
240.0 0.339086508378 0.579419962531 0.243532122305 0.194307440297 
240.5 0.345329811697 0.591765953069 0.243482572666 0.200740909357 
241.0 0.349756857414 0.600797208302 0.246324848407 0.202148515535 
241.5 0.348421514489 0.59130072373 0.248261583909 0.205702235827 
242.0 0.351020695819 0.588018044418 0.251346404864 0.213697638174 
242.5 0.346609214956 0.588815218454 0.246030629269 0.204981797145 
243.0 0.345936153664 0.59791548294 0.24638002024 0.19351295781 
243.5 0.340581851992 0.606954303422 0.241620910839 0.173170341714 
244.0 0.343577872076 0.609462205822 0.241694298154 0.17957711225 
244.5 0.335771828552 0.584085586369 0.24571978979 0.177510109496 
245.0 0.330348799969 0.568528121331 0.245681528921 0.176836749656 
245.5 0.329306938044 0.577893851302 0.243310538432 0.166716424397 
246.0 0.323064472549 0.562525960237 0.245366458608 0.161300998801 
246.5 0.317885482673 0.539445827388 0.247835708385 0.166374912246 
247.0 0.320219243797 0.535900982133 0.250299407218 0.174457342039 
247.5 0.314324684339 0.529739953049 0.249770493636 0.163463606333 
248.0 0.317405323862 0.541550008434 0.248854615801 0.161811347352 
248.5 0.310703295879 0.515934231009 0.24953294976 0.166642706869 
249.0 0.318407687017 0.522772196788 0.253353064465 0.179097799798 
249.5 0.32953148483 0.547560862759 0.257396359667 0.183637232066 
250.0 0.332190789375 0.555154984064 0.255458546132 0.18595883793 
250.5 0.330757772198 0.550930321564 0.25598825298 0.185354742051 
251.0 0.336619339673 0.555739477162 0.260855624075 0.193262917783 
251.5 0.331317054553 0.553145855535 0.256310628677 0.184494679447 
252.0 0.335552619746 0.560074875783 0.259185736189 0.187397247265 
252.5 0.344810701133 0.58788866888 0.261764395432 0.184779039087 
253.0 0.34503458262 0.606612580893 0.259743721497 0.168747445469 
253.5 0.342060199997 0.582603644699 0.263367901486 0.180209053807 
254.0 0.338948247966 0.580302157589 0.265441619223 0.171100967086 
254.5 0.339366365056 0.592964538081 0.26348404025 0.161650516837 
255.0 0.33553427149 0.582475216501 0.265551141577 0.158576456393 
255.5 0.331103170738 0.55872222385 0.267472892354 0.16711439601 
256.0 0.341853968079 0.594941139519 0.265229332201 0.165391432517 
256.5 0.34549119639 0.611248114073 0.266008402086 0.159217073012 
257.0 0.343052766507 0.585258378341 0.270992747599 0.172907173581 
257.5 0.334954879341 0.561332036388 0.268464874204 0.175067727431 
258.0 0.337129688485 0.573675604609 0.267744997282 0.169968463563 
258.5 0.343397526713 0.582799710471 0.267515722623 0.179877147044 
259.0 0.348508982872 0.600049863105 0.269381527795 0.176095557716 
259.5 0.356534475354 0.633278056877 0.267299584433 0.169025784752 
260.0 0.354238750464 0.619921516278 0.269732272818 0.173062462294 
260.5 0.354742110497 0.604836497406 0.274018880576 0.185370953509 
261.0 0.361848294756 0.629193497974 0.278136436683 0.178214949612 
261.5 0.36482687816 0.630037673048 0.278754013925 0.185688947507 
262.0 0.357543018737 0.621650757382 0.272295025207 0.178683273624 
262.5 0.369816380225 0.651459516931 0.278138625064 0.179850998681 
263.0 0.352839726957 0.607812713539 0.278165325123 0.17254114221 
263.5 0.338588941423 0.565467514347 0.274419717311 0.175879592611 
264.0 0.346114540038 0.587949949238 0.275626415348 0.174767255527 
264.5 0.348191495678 0.606361608821 0.27191907367 0.166293804545 
265.0 0.347230894239 0.597929279259 0.273127600795 0.170635802663 
265.5 0.347426474327 0.583016120281 0.275585330656 0.183677972045 
266.0 0.348431581594 0.594961755697 0.272427450976 0.177905538109 
266.5 0.348813921622 0.597943075819 0.272434692121 0.176063996926 
267.0 0.350347513628 0.585102350115 0.276281391736 0.189658799032 
267.5 0.349517721983 0.596206609052 0.270615778014 0.181730778885 
268.0 0.352682941841 0.601025702595 0.273266545503 0.183756577425 
268.5 0.348941524769 0.589237996038 0.274838127181 0.182748451089 
269.0 0.348646689161 0.572375114068 0.27850834654 0.195056606875 
269.5 0.34363179931 0.550350288738 0.278420676766 0.202124432425 
270.0 0.341834257207 0.572675010053 0.271666413101 0.181161348466 
270.5 0.331605680001 0.544803245969 0.268766760602 0.181247033432 
271.0 0.323727932736 0.543610680039 0.256972771676 0.170600346492 
271.5 0.324702115919 0.545723192853 0.257843847692 0.170539307212 
272.0 0.318387446216 0.525642706085 0.257097817373 0.17242181519 
272.5 0.321802858383 0.529068462598 0.262638389425 0.173701723125 
273.0 0.316363532446 0.512366872293 0.25952824745 0.177195477595 
273.5 0.315459916862 0.509098951551 0.255774941255 0.181505857779 
274.0 0.324629147815 0.558415494401 0.250858074104 0.164613874941 
274.5 0.327844525606 0.555486130724 0.254213701654 0.173833744439 
275.0 0.338917359002 0.589094770558 0.254832383797 0.172824922652 
275.5 0.344646908531 0.606821782129 0.254523766227 0.172595177236 
276.0 0.353341613072 0.616952686057 0.261868683287 0.181203469873 
276.5 0.356722028289 0.617432686034 0.265922148282 0.18681125055 
277.0 0.367913442323 0.64688902339 0.268824931292 0.188026372288 
277.5 0.363295419972 0.636312932715 0.270636890355 0.182936436845 
278.0 0.370988920699 0.666297553745 0.269557455342 0.17711175301 
278.5 0.360502672819 0.633982021178 0.269240558981 0.178285438298 
279.0 0.363372762366 0.64041932149 0.274998911792 0.174700053817 
279.5 0.356672404059 0.613902319896 0.276844857752 0.179270034528 
280.0 0.355261886074 0.588201932377 0.280040915722 0.197542810121 
280.5 0.365312330223 0.631993530852 0.278137749709 0.185805710107 
281.0 0.364890564053 0.652095151722 0.271559921035 0.171016619402 
281.5 0.35566664918 0.637314566729 0.267879520014 0.161805860796 
282.0 0.353640947835 0.627371743927 0.271650711621 0.161900387956 
282.5 0.352931311629 0.632208698211 0.271716071573 0.154869165104 
283.0 0.35770995099 0.655183267512 0.267509484643 0.150437100815 
283.5 0.350555889886 0.648519736476 0.26657843787 0.136569495312 
284.0 0.346681272323 0.64149007187 0.267117293007 0.131436452093 
284.5 0.352871135345 0.658125148422 0.271186148492 0.12930210912 
285.0 0.355888937579 0.669243010744 0.271296684203 0.12712711779 
285.5 0.362089278473 0.697884397671 0.270137109741 0.118246328007 
286.0 0.351475017321 0.661412845126 0.274412406875 0.11859979996 
286.5 0.353791407813 0.664229268189 0.275652367707 0.121492587543 
287.0 0.341287724279 0.637444346459 0.269459186006 0.116959640372 
287.5 0.336419052363 0.625083421546 0.267574369003 0.116599366541 
288.0 0.335558316412 0.624115590146 0.269108069726 0.113451289364 
288.5 0.344255955914 0.647427477216 0.272819261342 0.112521129184 
289.0 0.337762061232 0.645231652391 0.264160616932 0.103893914373 
289.5 0.337130464941 0.638526481123 0.267780805787 0.105084107912 
290.0 0.341371153946 0.639963859447 0.273651371275 0.110498231114 
290.5 0.338432698238 0.625774324054 0.274316964606 0.115206806055 
291.0 0.33499408301 0.603251706765 0.277974558953 0.123755983313 
291.5 0.335010436698 0.599268665095 0.276954510562 0.128808134437 
292.0 0.340761647166 0.627885770824 0.271709704436 0.122689466238 
292.5 0.352448627649 0.660146753132 0.274623652316 0.122575477499 
293.0 0.356662566891 0.676157476608 0.272231184467 0.121599039596 
293.5 0.35447832993 0.656275547839 0.273909460725 0.133249981225 
294.0 0.35310605071 0.652409444985 0.271963267871 0.134945439276 
294.5 0.341864466835 0.626102145805 0.269792821304 0.129698433396 
295.0 0.345161494909 0.634456399142 0.267263860677 0.13376422491 
295.5 0.345454749275 0.63442764257 0.268771363434 0.133165241821 
296.0 0.334376994126 0.613881222708 0.262554386897 0.126695372772 
296.5 0.32543811207 0.587806969552 0.259920995424 0.128586371235 
297.0 0.329293514972 0.603286428042 0.257832756845 0.12676136003 
297.5 0.324711559555 0.588358613317 0.259608972496 0.126167092851 
298.0 0.332472575767 0.614113319881 0.25982813673 0.12347627069 
298.5 0.328458851767 0.607980310886 0.256029844896 0.121366399519 
299.0 0.329879432492 0.615704491505 0.253744698579 0.120189107393 
299.5 0.337342902374 0.630732163523 0.252038807515 0.129257736086 
300.0 0.344331898402 0.644302297151 0.250522674783 0.138170723273 
300.5 0.340120049723 0.633816760462 0.24783119903 0.138712189676 
301.0 0.327775577793 0.597791326906 0.24492094093 0.140614465544 
301.5 0.321562395339 0.573181797084 0.246389341437 0.145116047496 
302.0 0.314262944955 0.543419579036 0.248677111888 0.150692143942 
302.5 0.319762171866 0.58325965824 0.24293841665 0.133088440707 
303.0 0.323316541329 0.599482899957 0.239404774994 0.131061949035 
303.5 0.32375132731 0.59746033957 0.242952686778 0.130840955581 
304.0 0.322464014477 0.594281710797 0.243169071589 0.129941261046 
304.5 0.302946451264 0.53662460333 0.242617452796 0.129597297667 
305.0 0.297917927909 0.523928460923 0.240801516756 0.129023806049 
305.5 0.303189302092 0.540871038046 0.23931438867 0.129382479561 
306.0 0.310538407785 0.554136657858 0.241761172015 0.135717393483 
306.5 0.313543684814 0.562329009714 0.243142696183 0.135159348546 
307.0 0.315731827629 0.555005699993 0.248370089738 0.143819693156 
307.5 0.330739960845 0.598460620541 0.249606533364 0.14415272863 
308.0 0.335887553415 0.615662210721 0.250637078325 0.141363371198 
308.5 0.327092298228 0.58615448345 0.249927377008 0.145195034227 
309.0 0.317405065737 0.55840896983 0.249806189202 0.144000038178 
309.5 0.327896117687 0.594467118451 0.250021265935 0.139199968676 
310.0 0.322126216325 0.579063352982 0.251083917979 0.136231378014 
310.5 0.314944572014 0.567488727009 0.251236161787 0.126108827245 
311.0 0.318661497154 0.585835291078 0.25254176227 0.117607438115 
311.5 0.317950786464 0.585780974184 0.256536337033 0.111535048174 
312.0 0.3068782794 0.557626501745 0.256639842075 0.10636849438 
312.5 0.306818473061 0.559551776286 0.257110839388 0.103792803509 
313.0 0.312860903503 0.572455073576 0.263852055459 0.102275581474 
313.5 0.311204312357 0.565388375609 0.265524784888 0.102699776574 
314.0 0.316207503001 0.583835001322 0.264669248207 0.100118259474 
314.5 0.327448681829 0.62629461593 0.261731665227 0.0943197643312 
315.0 0.318289810336 0.604120181716 0.257969456068 0.0927797932252 
315.5 0.319913258153 0.607735909284 0.259884567164 0.0921192980107 
316.0 0.316094909988 0.587841009853 0.266162016904 0.0942817032073 
316.5 0.315512706523 0.576525165561 0.268925408906 0.101087545103 
317.0 0.316546744141 0.569728390433 0.273001561999 0.106910279991 
317.5 0.309219495749 0.558141519376 0.269584760746 0.0999322071241 
318.0 0.309338327653 0.548941141923 0.273673223627 0.10540061741 
318.5 0.30870150779 0.551201189033 0.271719042971 0.103184291367 
319.0 0.29895463363 0.52298112842 0.270711645442 0.103171127027 
319.5 0.294113190638 0.503743319887 0.273808244774 0.104788007253 
320.0 0.287838242846 0.48403384772 0.273695506814 0.105785374004 
320.5 0.289727044374 0.483197926178 0.276828327734 0.109154879211 
321.0 0.287499127759 0.476530564834 0.275932857221 0.110033961222 
321.5 0.286583935099 0.478871771764 0.274801504493 0.10607852904 
322.0 0.293842539452 0.492446167644 0.279227281463 0.109854169249 
322.5 0.285843415239 0.463059666651 0.28021983556 0.114250743504 
323.0 0.293445459394 0.483533253017 0.279749221099 0.117053904068 
323.5 0.296139029037 0.499341610519 0.277447343238 0.111628133356 
324.0 0.29788088594 0.498942297575 0.279241799265 0.11545856098 
324.5 0.305823322037 0.514437853216 0.283242283359 0.119789829535 
325.0 0.323760289995 0.578659859216 0.279190331504 0.113430679266 
325.5 0.324645518518 0.577417194072 0.281546266357 0.114973095126 
326.0 0.343664564765 0.627892912034 0.283455276583 0.119645505677 
326.5 0.345408039104 0.629029041143 0.289891328616 0.117303747553 
327.0 0.343566460163 0.623212713059 0.289755108493 0.117731558936 
327.5 0.33495232387 0.598370888554 0.292377617484 0.114108465571 
328.0 0.333895589978 0.588038474181 0.294445730358 0.119202565394 
328.5 0.336609087672 0.597653398644 0.291090399966 0.121083464407 
329.0 0.339001365967 0.598191455062 0.289647576316 0.129165066524 
329.5 0.337707716938 0.597543073387 0.287622948524 0.127957128903 
330.0 0.322789535938 0.555142001444 0.286878473905 0.126348132466 
330.5 0.324038924813 0.55501867982 0.285106622678 0.131991471941 
331.0 0.32318020372 0.556350522229 0.283872000203 0.129318088729 
331.5 0.322629384575 0.544835165143 0.28459552073 0.138457467853 
332.0 0.317941371652 0.53235263975 0.284669493428 0.136801981777 
332.5 0.325122107457 0.554026491685 0.285183481355 0.136156349331 
333.0 0.316824021298 0.534563088539 0.28322570106 0.132683274296 
333.5 0.321589582822 0.552874143592 0.281725552051 0.130169052824 
334.0 0.32187588261 0.556096932318 0.280575909625 0.128954805886 
334.5 0.332984704639 0.589934050149 0.279378226774 0.129641836993 
335.0 0.334303464359 0.595890049223 0.278263399987 0.128756943866 
335.5 0.333936002015 0.60991708144 0.272716014331 0.119174910275 
336.0 0.329731436866 0.585156617052 0.276791792277 0.127245901268 
336.5 0.333397164213 0.589197071691 0.279146351786 0.131848069161 
337.0 0.346097580149 0.629107690914 0.277614931891 0.131570117643 
337.5 0.3444395563 0.623596506299 0.279335528809 0.13038663379 
338.0 0.35106155036 0.644222467761 0.278378608086 0.130583575234 
338.5 0.359937237499 0.67370276394 0.27697888557 0.129130062986 
339.0 0.353873216872 0.655322496094 0.276707871617 0.129589282905 
339.5 0.363021647478 0.683934629966 0.27814431496 0.126985997508 
340.0 0.361195329504 0.668391277069 0.282024841034 0.133169870408 
340.5 0.358025654264 0.669843245671 0.276625722513 0.127607994609 
341.0 0.358919042474 0.672335882172 0.278291429679 0.126129815572 
341.5 0.362426281049 0.683927147919 0.280451548394 0.122900146835 
342.0 0.359624093823 0.66712577453 0.285695050884 0.126051456056 
342.5 0.358864318775 0.667073995682 0.287676449884 0.121842510759 
343.0 0.369483823926 0.703705844762 0.28917790345 0.115567723565 
343.5 0.377356509011 0.719025079418 0.297390498185 0.115653949431 
344.0 0.383106689246 0.720401749508 0.304642138258 0.124276179971 
344.5 0.39099635082 0.73782103372 0.305058094245 0.130109924495 
345.0 0.386430515802 0.728215238255 0.299876252311 0.131200056841 
345.5 0.381980574651 0.728009427929 0.293588143535 0.124344152489 
346.0 0.388571853471 0.731364486807 0.302524906337 0.13182616727 
346.5 0.384063510337 0.71957263683 0.301405601417 0.131212292765 
347.0 0.3787883068 0.720409356989 0.295913863803 0.120041699609 
347.5 0.369480343583 0.702987697715 0.289801275511 0.115652057523 
348.0 0.374272496746 0.7295722914 0.285434589985 0.107810608854 
348.5 0.372077849603 0.714951807566 0.287359745461 0.113921995782 
349.0 0.36105437768 0.691809047682 0.281180150058 0.1101739353 
349.5 0.364876141768 0.693470882778 0.28325617761 0.117901364915 
350.0 0.360249493148 0.663889791023 0.286807853981 0.130050834438 
350.5 0.363781847782 0.666297553745 0.288514949423 0.136533040178 
351.0 0.367402893261 0.674409000225 0.288575553903 0.139224125655 
351.5 0.375633013826 0.68973575284 0.290242188452 0.146921100187 
352.0 0.373529746293 0.686915168537 0.289210596434 0.144463473909 
352.5 0.3727100556 0.68690767312 0.287453384308 0.143769109374 
353.0 0.384396953454 0.715377117025 0.287852592584 0.149961150753 
353.5 0.376481116559 0.689262837263 0.285941754055 0.154238758358 
354.0 0.387289634884 0.73669869932 0.278379922607 0.146790282727 
354.5 0.375481178709 0.718819769007 0.269622154048 0.138001613072 
355.0 0.371663959199 0.693516021135 0.269723444324 0.151752412139 
355.5 0.381273137691 0.721033227989 0.271706733173 0.15107945191 
356.0 0.382862892679 0.743870267381 0.263475887954 0.141242522704 
356.5 0.364996173783 0.690178756298 0.260696395536 0.144113369516 
357.0 0.364692591454 0.681833532445 0.260017903489 0.152226338427 
357.5 0.379644157138 0.717755406792 0.25881635315 0.162360711472 
358.0 0.372052526478 0.686113346504 0.262825188946 0.167219043984 
358.5 0.373533232719 0.678661002098 0.263946821015 0.177991875042 
359.0 0.371774336159 0.669939604042 0.263329610902 0.182053793533 
359.5 0.356513125234 0.61187932714 0.261814511419 0.195845537143 
360.0 0.364972564871 0.664155461254 0.25660795819 0.17415427517 
360.5 0.368541145847 0.659374477822 0.258930241526 0.187318718193 
361.0 0.380056280808 0.704000729528 0.257080850605 0.179087262292 
361.5 0.381527313174 0.704847790799 0.259851347284 0.179882801439 
362.0 0.400621799256 0.768181475782 0.260055558367 0.173628363619 
362.5 0.393126039664 0.747889254593 0.260374712738 0.17111415166 
363.0 0.375417760229 0.706293048746 0.253560596182 0.166399635758 
363.5 0.376725407592 0.718036667916 0.246929656325 0.165209898533 
364.0 0.368899599467 0.674133898792 0.249309721064 0.183255178545 
364.5 0.368736179164 0.668035928521 0.250606182508 0.187566426462 
365.0 0.359374365774 0.632868837097 0.250889393287 0.19436486694 
365.5 0.356922861926 0.634025137162 0.246987253648 0.189756194969 
366.0 0.350614214055 0.60853222186 0.248298875649 0.195011544655 
366.5 0.354322153792 0.612419733176 0.252319173877 0.198227554325 
367.0 0.356044975458 0.616606964426 0.251081241425 0.200446720522 
367.5 0.352509665544 0.602654732332 0.25038433954 0.20448992476 
368.0 0.360492031146 0.613761681634 0.251283236886 0.216431174919 
368.5 0.36280874565 0.63711271979 0.249738601226 0.201574915933 
369.0 0.365950616759 0.649022533272 0.245784442757 0.203044874248 
369.5 0.360249135127 0.615810202343 0.248751114252 0.216186088785 
370.0 0.355665389121 0.590644413107 0.250327205946 0.226024548309 
370.5 0.362993270327 0.588038474181 0.252888101748 0.248053235051 
371.0 0.366008746071 0.59422678372 0.254519094025 0.249280360468 
371.5 0.378313001872 0.6358304821 0.253826923767 0.245281599748 
372.0 0.374958160221 0.606138586155 0.255577916344 0.263157978165 
372.5 0.366349260775 0.592834315268 0.255199708797 0.251013758259 
373.0 0.359139643185 0.610631377526 0.251526453875 0.215261098156 
373.5 0.359854231012 0.621714603551 0.250260191353 0.207587898132 
374.0 0.357151674155 0.623809793363 0.250554700758 0.197090528346 
374.5 0.358880577352 0.634499535544 0.251075888429 0.191066308084 
375.0 0.35215427107 0.617390322679 0.252593788559 0.186478701974 
375.5 0.34970920321 0.61186529514 0.248611440528 0.188650873962 
376.0 0.355835329323 0.620743205143 0.251646070655 0.195116712171 
376.5 0.365703476304 0.644106362784 0.251802606942 0.201201459186 
377.0 0.370621431868 0.657801999518 0.254014001625 0.200048294461 
377.5 0.373301375876 0.63484469345 0.259165395991 0.225894038187 
378.0 0.362696665984 0.605657897526 0.259646548957 0.222785551469 
378.5 0.371491536763 0.616472945366 0.263366271949 0.234635392973 
379.0 0.373656843759 0.626779528962 0.263150476147 0.231040526168 
379.5 0.375008191389 0.614113319881 0.265854079227 0.245057175058 
380.0 0.36531206916 0.618068377899 0.256208870982 0.2216589586 
380.5 0.354291393474 0.596385590838 0.250696214104 0.21579237548 
381.0 0.352180964979 0.566358473087 0.25161961042 0.23856481143 
381.5 0.357648250625 0.56919099072 0.252942539853 0.250811221302 
382.0 0.354180037828 0.549050412642 0.25213375485 0.261355945991 
382.5 0.360221295164 0.555226393228 0.253565632409 0.271871859854 
383.0 0.359236919749 0.575406699271 0.24929116226 0.253012897715 
383.5 0.359040546886 0.569257313347 0.249047039501 0.25881728781 
384.0 0.355891300416 0.563097450994 0.247985706835 0.25659074342 
384.5 0.363907369828 0.60808507623 0.24875224717 0.234884786085 
385.0 0.361037293206 0.598225958345 0.249902297238 0.234983624035 
385.5 0.369995463635 0.613480473314 0.248394587656 0.248111329934 
386.0 0.370243293339 0.607324079382 0.249147677824 0.254258122812 
386.5 0.379300860692 0.616197917174 0.253383250924 0.268321413976 
387.0 0.38150520221 0.625517847395 0.25419348905 0.264804270184 
387.5 0.376872559353 0.612047729003 0.25220336188 0.266366587176 
388.0 0.388618861198 0.644694272094 0.252174516084 0.268987795415 
388.5 0.388431287571 0.642243139368 0.249709750867 0.273340972479 
389.0 0.380316288778 0.612061763979 0.250108735159 0.278778367195 
389.5 0.393336000062 0.632072420099 0.254389874964 0.293545705124 
390.0 0.389365191649 0.635031703434 0.251296634386 0.281767237126 
390.5 0.386274966857 0.653140688077 0.246059285655 0.259624926838 
391.0 0.391552835686 0.651152784103 0.244905036396 0.278600686559 
391.5 0.400367346711 0.65789746644 0.249843410972 0.293361162723 
392.0 0.415799207937 0.670480818075 0.25579532114 0.321121484596 
392.5 0.413145215817 0.683515688127 0.253997692944 0.30192226638 
393.0 0.409741068866 0.695254664386 0.252503233473 0.281465308737 
393.5 0.405431452055 0.678690830938 0.254027593257 0.28357593197 
394.0 0.407918946059 0.694863143635 0.255933726233 0.272959968308 
394.5 0.410253170579 0.675078383141 0.258579630204 0.297101498393 
395.0 0.406239432239 0.666201454334 0.259589787294 0.29292705509 
395.5 0.396012261894 0.641620372275 0.254892450516 0.291523962889 
396.0 0.388565104977 0.632301951973 0.252497069592 0.280896293368 
396.5 0.390913573908 0.65013822925 0.250326825114 0.272275667359 
397.0 0.386850081251 0.637177594827 0.248777928482 0.274594720444 
397.5 0.407255113753 0.647492982643 0.252458164713 0.321814193901 
398.0 0.415197702511 0.660117324343 0.255492588445 0.329983194744 
398.5 0.415185787993 0.712659263868 0.252503618723 0.280394481388 
399.0 0.401205344631 0.662370618175 0.255357237441 0.285888178276 
399.5 0.411632558892 0.67632871561 0.262012674604 0.29655628646 
400.0 0.428779663935 0.719040288112 0.267822451516 0.299476252176 
400.5 0.446700195205 0.757195794947 0.268925408906 0.313979381761 
401.0 0.44911402874 0.779834450711 0.264268623715 0.303239011792 
401.5 0.43261076009 0.767792459142 0.255825895011 0.274213926116 
402.0 0.427558149982 0.740081439129 0.257120705134 0.285472305682 
402.5 0.4241680258 0.724352224776 0.258278075662 0.289873776961 
403.0 0.421591652851 0.705241175466 0.260130489015 0.299403294072 
403.5 0.408965334943 0.670110100706 0.26413689598 0.292649008144 
404.0 0.403661340365 0.671415463934 0.259576998203 0.279991558958 
404.5 0.4019085226 0.671341262866 0.255832167174 0.278552137758 
405.0 0.40926512895 0.686712803862 0.257656972236 0.283425610751 
405.5 0.403712028798 0.664686964606 0.255834127267 0.29061499452 
406.0 0.416120535588 0.704454473295 0.257698924383 0.286208209085 
406.5 0.405159549994 0.673383212713 0.256401430815 0.285694006455 
407.0 0.392355506944 0.658595335411 0.256143679969 0.262327505452 
407.5 0.379068356062 0.63235934328 0.2564085081 0.248437216805 
408.0 0.379181950463 0.656583618574 0.251924319028 0.229037913788 
408.5 0.370325303065 0.636039275884 0.2518463682 0.22309026511 
409.0 0.370564580769 0.633227792739 0.252489750243 0.225976199325 
409.5 0.384495116436 0.672655199313 0.24995093985 0.230879210146 
410.0 0.376800578968 0.648009882687 0.246106932119 0.236284922096 
410.5 0.386284766271 0.683972040713 0.246367344169 0.22851491393 
411.0 0.386899792839 0.699762726653 0.24412114337 0.216815508495 
411.5 0.382696381551 0.688452420324 0.244810377532 0.214826346798 
412.0 0.382451025406 0.682199718481 0.248281170557 0.216872187179 
412.5 0.397950738014 0.720127891524 0.249081840604 0.224642481915 
413.0 0.395187352975 0.724870130409 0.246949476755 0.213742451763 
413.5 0.397814097525 0.71966390523 0.248352377868 0.225426009477 
414.0 0.39165284353 0.671474827613 0.251319603744 0.252164099233 
414.5 0.392425729943 0.685948533025 0.245348290835 0.24598036597 
415.0 0.384670736814 0.651905155272 0.24555528744 0.256551767729 
415.5 0.384348626487 0.647856971825 0.246963314919 0.258225592716 
416.0 0.386331113393 0.641193336322 0.244928338858 0.272871664998 
416.5 0.382143866292 0.63259611765 0.248300759269 0.265534721957 
417.0 0.394223990784 0.661854804461 0.250476551718 0.270340616172 
417.5 0.390392088042 0.668406085279 0.248171963644 0.254598215203 
418.0 0.382350398989 0.656840404282 0.246229827559 0.243980965125 
418.5 0.387983575349 0.651079764537 0.248236350306 0.264634611204 
419.0 0.382859744213 0.643685586705 0.245844285592 0.259049360343 
419.5 0.387815288675 0.666009276395 0.242756662284 0.254679927346 
420.0 0.3855356251 0.658176566346 0.240341095389 0.258089213564 
420.5 0.396099247326 0.690614358283 0.24041504419 0.257268339505 
421.0 0.398047253886 0.671741995197 0.244032779145 0.278366987316 
421.5 0.393050923528 0.663402870477 0.242563405513 0.273186494594 
422.0 0.396097267362 0.638374913942 0.245115605944 0.304801282198 
422.5 0.398463132618 0.672358157782 0.241815707103 0.281215532968 
423.0 0.373015838421 0.626565566155 0.240484692183 0.251997256924 
423.5 0.369159420839 0.602758824252 0.242744600537 0.261974837729 
424.0 0.370110558446 0.613986713759 0.240492272095 0.255852689484 
424.5 0.365805307182 0.596192842917 0.243574709078 0.257648369552 
425.0 0.361745359286 0.589988669785 0.240409632267 0.254837775805 
425.5 0.381004407074 0.637393874614 0.24071584307 0.264903503539 
426.0 0.373899190361 0.599054487834 0.240792839079 0.28185024417 
426.5 0.378833909829 0.614781823211 0.240656943549 0.281062962729 
427.0 0.386127118643 0.63662268578 0.239668304402 0.282090365745 
427.5 0.386889932104 0.62990169688 0.238370946685 0.292397152746 
428.0 0.38692574834 0.612468877806 0.238850267808 0.309458099407 
428.5 0.381709191845 0.60337671028 0.237293821883 0.304457043372 
429.0 0.381020534067 0.56703243038 0.239401546122 0.336627625699 
429.5 0.385842008165 0.587759315737 0.240613955494 0.329152753265 
430.0 0.382837291894 0.560316952109 0.242623296712 0.345571626862 
430.5 0.384425845071 0.552343997612 0.244783763546 0.356149774056 
431.0 0.391068165706 0.552098472421 0.245692672041 0.375413352657 
431.5 0.394780650197 0.580760519173 0.24029169296 0.36328973846 
432.0 0.404678915539 0.570744638226 0.240838401566 0.402453706824 
432.5 0.413672964212 0.582603644699 0.239563420466 0.418851827472 
433.0 0.397207179005 0.565559854764 0.240827190675 0.385234491575 
433.5 0.39365709139 0.565962344551 0.242256591581 0.372752338039 
434.0 0.395880308255 0.560016006006 0.241987418471 0.385637500286 
434.5 0.398570664057 0.553689632309 0.244472076958 0.397550282905 
435.0 0.402892526175 0.575072176159 0.245413554884 0.388191847482 
435.5 0.399679130169 0.597150165098 0.244970512759 0.35691671265 
436.0 0.394659194577 0.593808092978 0.243708775628 0.346460715125 
436.5 0.390401526627 0.596709238605 0.242721941244 0.331773400034 
437.0 0.403929273558 0.630187984641 0.244957563599 0.336642272434 
437.5 0.414999809303 0.657992940821 0.245824955342 0.341181531747 
438.0 0.41182285554 0.651349960106 0.244790786305 0.339327820209 
438.5 0.422624257955 0.680765350108 0.24625665201 0.340850771746 
439.0 0.432780391566 0.692568344166 0.245111532884 0.360661297647 
439.5 0.43216705487 0.709443848812 0.244842910994 0.342214404803 
440.0 0.425614486835 0.723575495917 0.2461154949 0.307152469686 
440.5 0.435091842883 0.748363012542 0.244403090315 0.312509425791 
441.0 0.441723710728 0.748638099666 0.24952498626 0.327008046259 
441.5 0.447365170692 0.766037705092 0.250536399533 0.325521407451 
442.0 0.443714885371 0.735133830566 0.254027204911 0.341983620638 
442.5 0.441485949932 0.739523920822 0.252882311378 0.332051617596 
443.0 0.45157783793 0.754346074649 0.254748555877 0.345638883264 
443.5 0.444626137824 0.730197580498 0.257397150071 0.346283682904 
444.0 0.45297579119 0.720508255798 0.258361463051 0.38005765472 
444.5 0.441729747106 0.72888609176 0.252136830864 0.344166318696 
445.0 0.441361913702 0.757127041396 0.248045514428 0.318913185282 
445.5 0.439027753809 0.75812774954 0.249021321115 0.309934190773 
446.0 0.439943977677 0.758998522949 0.253611351938 0.307222058144 
446.5 0.460417614541 0.804330871339 0.25648519531 0.320436776974 
447.0 0.457894208248 0.796562998925 0.256243439008 0.320876186811 
447.5 0.463181622354 0.803745129336 0.252759211269 0.333040526456 
448.0 0.464982918904 0.78750235691 0.251526837141 0.35591956266 
448.5 0.475306535653 0.778815460262 0.251827173419 0.395276973278 
449.0 0.471129099419 0.776114251174 0.248354638864 0.388918408221 
449.5 0.474496948929 0.789108716988 0.248963467702 0.385418662097 
450.0 0.458244108567 0.772161275704 0.248068840847 0.354502209151 
450.5 0.447046805903 0.725296691749 0.248809279584 0.367034446376 
451.0 0.438282387189 0.715582198969 0.248312814886 0.350952147712 
451.5 0.428296677589 0.690922347511 0.245088207104 0.348879478153 
452.0 0.430142261999 0.68601595477 0.242734366957 0.36167646427 
452.5 0.438111823372 0.663808624866 0.241366466675 0.409160378576 
453.0 0.432624568695 0.632050904224 0.242046390978 0.423776410884 
453.5 0.430334367013 0.635664917589 0.240767531582 0.414570651869 
454.0 0.430317800524 0.64945993017 0.24071150625 0.400781965153 
454.5 0.430973098024 0.646219959237 0.243378378971 0.403320955863 
455.0 0.423245880652 0.63549938014 0.243943721898 0.39029453992 
455.5 0.420767303508 0.651021352226 0.241657964066 0.369622594232 
456.0 0.426867985205 0.631391312304 0.245632507218 0.403580136092 
456.5 0.431483736409 0.629737119637 0.247646409772 0.417067679819 
457.0 0.427164621204 0.64683082782 0.243524046629 0.391138989165 
457.5 0.42611723838 0.626316003918 0.242834169023 0.409201542199 
458.0 0.422555574541 0.602661671379 0.244746806098 0.420258246144 
458.5 0.416845361921 0.608692972877 0.244954973876 0.396888139008 
459.0 0.415900366411 0.612834039794 0.246117356427 0.388749703012 
459.5 0.426758750035 0.608944644723 0.248139590473 0.42319201491 
460.0 0.432937079236 0.626230454868 0.246429614425 0.426151168416 
460.5 0.443877676626 0.634859077601 0.249876081067 0.446897871211 
461.0 0.46355163297 0.645798366555 0.253288063724 0.491568468632 
461.5 0.475931732967 0.669998904844 0.251907804594 0.505888489463 
462.0 0.472668161237 0.653930944426 0.253981385655 0.510092153631 
462.5 0.476150797249 0.655447082812 0.255629209575 0.51737609936 
463.0 0.474227620009 0.695126658477 0.252284153482 0.475272048069 
463.5 0.459456418514 0.672113145323 0.25082866937 0.455427440849 
464.0 0.459165756892 0.680183010841 0.25286609928 0.444448160554 
464.5 0.443634849373 0.667000029373 0.248788126455 0.415116392292 
465.0 0.443266627348 0.666852109024 0.250032292416 0.412915480604 
465.5 0.45116020867 0.651766331444 0.254709578634 0.447004715934 
466.0 0.445575024556 0.631778410465 0.25725019026 0.447696472943 
466.5 0.447221969747 0.617538603235 0.255830207102 0.468297098904 
467.0 0.443705904498 0.620034808454 0.254361085012 0.45672182003 
467.5 0.448728089251 0.644716052626 0.257166883501 0.444301331626 
468.0 0.453309109252 0.627907194613 0.259056153482 0.47296397966 
468.5 0.469687600623 0.646736266543 0.262602673864 0.499723861461 
469.0 0.483991560279 0.669220784858 0.265628996322 0.517124899657 
469.5 0.481260377589 0.699943860501 0.25999467323 0.483842599036 
470.0 0.468796826496 0.689390436944 0.257436279108 0.459563763436 
470.5 0.469579087181 0.689765783489 0.256836772637 0.462134705418 
471.0 0.478042002987 0.674275160576 0.258913910793 0.50093693759 
471.5 0.488482204758 0.713273967847 0.260483487896 0.491689158531 
472.0 0.485350925188 0.755950537953 0.257367512114 0.442734725498 
472.5 0.482371319207 0.726690944108 0.261793089323 0.458629924189 
473.0 0.482965239984 0.748630458341 0.261706616135 0.438558645475 
473.5 0.474964799397 0.779613953059 0.257790379793 0.387490065338 
474.0 0.471300822612 0.76825012259 0.257253349515 0.38839899573 
474.5 0.464443512322 0.758395099745 0.258549811548 0.376385625671 
475.0 0.458979125756 0.731501787185 0.260049549126 0.385386040957 
475.5 0.455121737696 0.741272953328 0.258640872135 0.365451387626 
476.0 0.456860752062 0.74255626647 0.261313518892 0.366712470826 
476.5 0.467847965044 0.749104221897 0.263478333608 0.390961339627 
477.0 0.462026447766 0.770751227408 0.259502678135 0.355825437754 
477.5 0.454017934353 0.768776382405 0.257314570234 0.335962850421 
478.0 0.463204277474 0.792763876839 0.25994942217 0.336899533412 
478.5 0.46509781282 0.769241577925 0.260387955205 0.36566390533 
479.0 0.472375909698 0.79176561299 0.258998367355 0.36636374875 
479.5 0.476432526497 0.791077120977 0.259830537694 0.378389920819 
480.0 0.485762634291 0.799668671669 0.261102360578 0.396516870625 
480.5 0.494459677208 0.83631048048 0.264426238152 0.382642312993 
481.0 0.497394688307 0.865026240976 0.265084644767 0.362073179177 
481.5 0.492801020379 0.858144856669 0.263502384134 0.356755820334 
482.0 0.490764487788 0.844298896139 0.265641769022 0.362352798202 
482.5 0.489140343165 0.837961462727 0.260416850957 0.36904271581 
483.0 0.48451419123 0.825598184059 0.261240958123 0.366703431506 
483.5 0.470481556829 0.78750993684 0.256771763386 0.367162970263 
484.0 0.46463604625 0.79051707438 0.260436518549 0.34295454582 
484.5 0.450528615988 0.730586519614 0.259946218951 0.361053109399 
485.0 0.44934827306 0.701061196333 0.2617357057 0.385247917146 
485.5 0.427904332174 0.609063515857 0.259620964201 0.415028516464 
486.0 0.434365706485 0.636384959908 0.258141952987 0.408570206559 
486.5 0.429705695766 0.619659582407 0.256866329518 0.412591175372 
487.0 0.425592607307 0.629808671529 0.255052069732 0.39191708066 
487.5 0.417298386196 0.609714106789 0.25337512333 0.38880592847 
488.0 0.433103525761 0.621494707699 0.259435175202 0.418380694381 
488.5 0.417530077452 0.607631187555 0.25392548552 0.39103355928 
489.0 0.43153868024 0.624578031624 0.257868408248 0.412169600847 
489.5 0.434470681171 0.60668928191 0.25950427612 0.437218485485 
490.0 0.447565489079 0.64 0.25914426038 0.443552206856 
490.5 0.437903820423 0.639884354623 0.253025192024 0.420801914624 
491.0 0.43486960016 0.627928618882 0.25547850124 0.421201680358 
491.5 0.43477126882 0.617856430324 0.257406239951 0.429051136185 
492.0 0.422974627777 0.598460620541 0.252164901795 0.418298360997 
492.5 0.433452802277 0.620516458117 0.252663179138 0.427178769576 
493.0 0.441704879556 0.641844816044 0.25422303127 0.429046791354 
493.5 0.432035436456 0.621352867434 0.251995385942 0.422758055991 
494.0 0.438189603018 0.635700907573 0.252285307897 0.426582593583 
494.5 0.455387979071 0.654121270682 0.253344938159 0.458697728373 
495.0 0.46359946439 0.695337496252 0.251931232474 0.443529664443 
495.5 0.476699051474 0.731349231429 0.257297979485 0.441449943506 
496.0 0.473835960503 0.704915871815 0.260358662458 0.456233347237 
496.5 0.479105492355 0.724138989468 0.262500432998 0.450677054599 
497.0 0.481426789761 0.710618839299 0.262909712473 0.470751817512 
497.5 0.488389479361 0.713676255155 0.264253482888 0.487238700041 
498.0 0.478508943388 0.713410587236 0.263500345842 0.458615897085 
498.5 0.482587573708 0.698201103537 0.2643218303 0.485239787286 
499.0 0.480912141022 0.725586169831 0.263792033298 0.453358219937 
499.5 0.483091715724 0.696851679254 0.265478668987 0.486944798933 
500.0 0.492083320846 0.665270390786 0.267939521687 0.543040050065 
500.5 0.489592742239 0.739287176597 0.259673336577 0.469817713542 
501.0 0.492288275594 0.750693631356 0.261182122859 0.464989072567 
501.5 0.479069017425 0.763053391513 0.25337512333 0.420778537433 
502.0 0.476243397428 0.747851048511 0.252511709137 0.428367434634 
502.5 0.473535774413 0.718614471601 0.254872166143 0.447120685493 
503.0 0.467680217001 0.727308219438 0.252311476532 0.423420955033 
503.5 0.478065104817 0.738340263335 0.251040715383 0.444814335733 
504.0 0.485672327632 0.737599607804 0.251779578768 0.467637796322 
504.5 0.487861793359 0.706504993649 0.255263799162 0.501816587265 
505.0 0.493119411637 0.713866033327 0.255324392031 0.510167809554 
505.5 0.495606134728 0.697122998924 0.257842263246 0.531853142014 
506.0 0.48508373779 0.699808008646 0.253649718307 0.501793486417 
506.5 0.479514936999 0.72225085805 0.25224106034 0.464052892606 
507.0 0.47845996014 0.693583730701 0.254014001625 0.487782148095 
507.5 0.486989782908 0.687859853698 0.257006687766 0.51610280726 
508.0 0.489646290653 0.698329308042 0.257469485692 0.513140078224 
508.5 0.482058612842 0.716812986687 0.256340891312 0.473021960527 
509.0 0.480910527081 0.721116926579 0.258514830138 0.463099824527 
509.5 0.47562998346 0.721870303799 0.255680124774 0.449339521805 
510.0 0.481961332159 0.715529028207 0.25617666544 0.47417830283 
510.5 0.481218497212 0.684166590376 0.257248610652 0.502240290607 
511.0 0.4841192496 0.696640678441 0.254580231016 0.501136839342 
511.5 0.483987656166 0.72352219679 0.253765639368 0.474675132339 
512.0 0.489873880357 0.714063416143 0.257523656241 0.498034568687 
512.5 0.490974107605 0.688489931341 0.259170580547 0.525261810928 
513.0 0.495372895011 0.701280202472 0.258461972412 0.526376510149 
513.5 0.502277864359 0.714564526273 0.261273204062 0.530995862741 
514.0 0.495126739332 0.700087269226 0.259655344488 0.525637604283 
514.5 0.495821810607 0.702292450252 0.260600357734 0.524572623834 
515.0 0.498340602223 0.743992506031 0.258189565259 0.492839735379 
515.5 0.489660831529 0.706149239765 0.259281084129 0.503552170693 
516.0 0.475892246787 0.695397739834 0.25427201922 0.478006981309 
516.5 0.484045564049 0.703690723506 0.256530435374 0.491915533266 
517.0 0.484807183945 0.700019337557 0.253150010798 0.50125220348 
517.5 0.498903919442 0.706520133293 0.257183463036 0.533008161999 
518.0 0.510889654285 0.711028315796 0.257314570234 0.564326076825 
518.5 0.514397011776 0.713357456679 0.258028920493 0.571804658156 
519.0 0.528545025502 0.721809418872 0.260679917103 0.603145740531 
519.5 0.529698453619 0.742243064293 0.258448064866 0.588404231697 
520.0 0.516554958114 0.769782975845 0.252356125484 0.527525773014 
520.5 0.506743152507 0.733447245531 0.251705523828 0.535076688161 
521.0 0.503442940359 0.716585025155 0.252993517319 0.540750278602 
521.5 0.500069684797 0.673019159662 0.252871117162 0.574318777567 
522.0 0.4912207103 0.686480488948 0.253318626785 0.533863015168 
522.5 0.500508723262 0.706701816508 0.25541785978 0.539406493497 
523.0 0.5055437771 0.703531956447 0.256267404569 0.556831970284 
523.5 0.508852830472 0.708019429102 0.254524934295 0.56401412802 
524.0 0.494443728006 0.68495999251 0.25053563702 0.547835554489 
524.5 0.496213817688 0.706769951272 0.252988882439 0.528882619352 
525.0 0.50009195525 0.732325663147 0.251226977772 0.516723224831 
525.5 0.502214213265 0.725022468519 0.247966903395 0.533653267882 
526.0 0.492178584497 0.689818338345 0.245258220093 0.541459195053 
526.5 0.495886447175 0.70042696043 0.245742824446 0.541489556648 
527.0 0.499408917667 0.699151516029 0.246867217169 0.552208019802 
527.5 0.494210940801 0.720302853794 0.242722306694 0.519607661916 
528.0 0.479792804484 0.654055385039 0.242789196454 0.542533831959 
528.5 0.476533592554 0.643134473372 0.243152220193 0.543314084098 
529.0 0.480220206797 0.669398602035 0.238324583357 0.532937434999 
529.5 0.464151327127 0.648162814462 0.237086547662 0.507204619258 
530.0 0.478225413249 0.694968545247 0.239973608407 0.499734086093 
530.5 0.477943774354 0.717040965213 0.241979411344 0.474810946506 
531.0 0.483086918787 0.707027366726 0.245008255538 0.497225134096 
531.5 0.487848228479 0.700630801349 0.247504562504 0.515409321585 
532.0 0.48524417203 0.724443614918 0.243923119808 0.487365781364 
532.5 0.490869648944 0.747056370423 0.247577348867 0.477975227541 
533.0 0.498591987589 0.750395617216 0.248694099629 0.496686245923 
533.5 0.492926937965 0.758188858724 0.243933788456 0.476658166713 
534.0 0.48411807948 0.755148324221 0.243168338887 0.454037575331 
534.5 0.47517487397 0.735324648961 0.240768977629 0.449430995322 
535.0 0.476130033457 0.715187239088 0.243106802481 0.470096058801 
535.5 0.478305503482 0.676284042662 0.245369054151 0.513263413634 
536.0 0.480955346227 0.636190498186 0.249121567184 0.557553973313 
536.5 0.493646640951 0.659462713569 0.249475695946 0.572001513337 
537.0 0.503589686311 0.655930895509 0.252175285248 0.602662878176 
537.5 0.503287744121 0.652402134872 0.252029968689 0.605431128803 
538.0 0.482270185162 0.624613613532 0.247994357057 0.574202584898 
538.5 0.487738693999 0.618647957389 0.252142214008 0.592425910602 
539.0 0.508638266085 0.621530171201 0.251778427433 0.652606199622 
539.5 0.497767190997 0.649489095979 0.251693248092 0.592119228919 
540.0 0.494236902185 0.648971514668 0.252920917179 0.580818274707 
540.5 0.500767161097 0.667295919114 0.253920439785 0.581085124393 
541.0 0.507895408907 0.660485234026 0.257948449649 0.605252543046 
541.5 0.499522535888 0.663247979726 0.256971588664 0.578348039276 
542.0 0.493609597682 0.652665327873 0.256196695084 0.571966770091 
542.5 0.484073137714 0.660926868304 0.255155561413 0.536136983425 
543.0 0.486131699622 0.654216445327 0.256669368879 0.547509284659 
543.5 0.493823599494 0.660205612791 0.259188129293 0.562077056399 
544.0 0.503519913278 0.653608923914 0.259559414566 0.597391401354 
544.5 0.51149800038 0.655923563555 0.26105363283 0.617516804753 
545.0 0.507692807548 0.658514509207 0.256880518425 0.607683395012 
545.5 0.52073316787 0.684555758843 0.258249096976 0.619394647789 
546.0 0.508380465025 0.687312472714 0.255889802233 0.581939120127 
546.5 0.508055932986 0.688444918218 0.259588987952 0.576133892789 
547.0 0.512843391376 0.705808674457 0.262206580999 0.570514918673 
547.5 0.512874592471 0.667880492857 0.262804876145 0.607938408409 
548.0 0.526631416423 0.658999546041 0.265439972725 0.655454730502 
548.5 0.53182787457 0.672358157782 0.268960587748 0.654164878179 
549.0 0.519204421765 0.654165196488 0.26708409126 0.636363977548 
549.5 0.520029701274 0.690899809931 0.26850916751 0.600680126381 
550.0 0.529902881902 0.697786379701 0.265365071325 0.626557194679 
550.5 0.524354639044 0.706452005654 0.262910525374 0.603701386104 
551.0 0.501316717404 0.730090818193 0.257946468029 0.515912865991 
551.5 0.50866227622 0.72728535582 0.264503248225 0.534198224617 
552.0 0.498319097811 0.702753405087 0.261240555083 0.530963333262 
552.5 0.497723269752 0.691591089838 0.260817413576 0.540761305842 
553.0 0.495273062295 0.654223766772 0.259758921558 0.571836498554 
553.5 0.502045882786 0.634571433666 0.26339397588 0.608172238812 
554.0 0.502457942294 0.645362406542 0.260955006054 0.601056414285 
554.5 0.510819757885 0.64976620861 0.260670271831 0.622022793214 
555.0 0.507189540353 0.669717248726 0.257182673502 0.59466869883 
555.5 0.500696773575 0.694810444996 0.254743098585 0.552536777143 
556.0 0.498156349367 0.648876771959 0.253434346602 0.59215792954 
556.5 0.485211888229 0.656789042775 0.247087905026 0.551758716886 
557.0 0.486014562704 0.651642134788 0.24717962404 0.559221929283 
557.5 0.479602271511 0.666186670426 0.242317839819 0.530302304288 
558.0 0.475812879806 0.661508589892 0.242591522694 0.52333852683 
558.5 0.485591127533 0.669776539971 0.244681409716 0.542315432911 
559.0 0.494468155616 0.690914834953 0.244093156732 0.548396475162 
559.5 0.489111047415 0.684428520566 0.242644847782 0.540259773895 
560.0 0.489468384008 0.683179116568 0.245291203832 0.539934831623 
560.5 0.484607319566 0.668191382046 0.245026389639 0.540604187014 
561.0 0.493791805255 0.679862070607 0.247854122721 0.553659222438 
561.5 0.504524062451 0.690569291105 0.251117186905 0.571885709344 
562.0 0.507662170996 0.728779358558 0.24819869458 0.54600845985 
562.5 0.480563350412 0.711240662025 0.24068765561 0.4897617336 
563.0 0.474670853811 0.688309885829 0.239562343211 0.496140332393 
563.5 0.471356758294 0.666933463191 0.240642492633 0.506494319059 
564.0 0.469723796729 0.636377756959 0.24146152357 0.531332109658 
564.5 0.474562680263 0.653484530528 0.244804832632 0.525398677627 
565.0 0.466377902314 0.696587931747 0.242796873907 0.459748901288 
565.5 0.461599174032 0.651306140296 0.245749140905 0.487742240897 
566.0 0.45366991529 0.613571856038 0.243754344008 0.503683545824 
566.5 0.464031397978 0.616515264984 0.245847631418 0.529731297532 
567.0 0.47255567265 0.63233064721 0.247800012325 0.537536358416 
567.5 0.476314012861 0.616000513797 0.249705195954 0.563236328831 
568.0 0.46530703344 0.598529652057 0.246667702948 0.550723745314 
568.5 0.464264634141 0.577544718772 0.247821429137 0.567427754512 
569.0 0.480276191774 0.563104022741 0.251588936525 0.626135616055 
569.5 0.483278029425 0.582711812377 0.25154370162 0.615578574279 
570.0 0.483144451448 0.619935677025 0.250193581236 0.579304096082 
570.5 0.481623362917 0.656605626639 0.251596604532 0.536667857581 
571.0 0.469471865653 0.656341556365 0.24806319709 0.504010843502 
571.5 0.463206352448 0.652782321645 0.24910945914 0.48772727656 
572.0 0.462299943111 0.659992259733 0.248724681464 0.478182888135 
572.5 0.477876865739 0.67272946939 0.250952429386 0.509948698442 
573.0 0.484306389338 0.683134245637 0.253690030686 0.51609489169 
573.5 0.475809158702 0.701642744378 0.249559876485 0.476224855244 
574.0 0.4776923037 0.718576454997 0.249024724816 0.465475731287 
574.5 0.475097873466 0.681968039994 0.25149809434 0.491827486065 
575.0 0.466453107665 0.68215487486 0.250806141578 0.466398306557 
575.5 0.4694527073 0.666142319693 0.249799353355 0.492416448853 
576.0 0.460261849012 0.646038218432 0.248807390814 0.485939937791 
576.5 0.458152367767 0.649263080616 0.249115134688 0.476078887996 
577.0 0.465437175022 0.666179278535 0.250593596778 0.479538649752 
577.5 0.465631243278 0.64391046388 0.251143576781 0.501839689173 
578.0 0.481811943802 0.719869268282 0.248264973758 0.477301589368 
578.5 0.472334241919 0.68969070782 0.248483561062 0.478828456874 
579.0 0.466628890751 0.679272609381 0.247973672414 0.472640390459 
579.5 0.465688239844 0.706414157807 0.244837734829 0.445812826895 
580.0 0.457163014285 0.667288521075 0.245965517709 0.458235004073 
580.5 0.448889011579 0.652307107599 0.243143428781 0.451216498356 
581.0 0.455867138736 0.699536331412 0.242865619888 0.425199464908 
581.5 0.453800471254 0.66414070037 0.243618407594 0.453642305797 
582.0 0.460238532975 0.644730573224 0.247106619499 0.488878406201 
582.5 0.461901933806 0.653938264098 0.244142504483 0.487625032837 
583.0 0.457408495163 0.655439753822 0.242709150959 0.474076580707 
583.5 0.451293282536 0.650240373842 0.240289169114 0.463350304653 
584.0 0.446301069586 0.643837917739 0.239294309042 0.455770981977 
584.5 0.439678354122 0.637639046815 0.237699507366 0.443696508185 
585.0 0.450102459062 0.650824232634 0.238758017684 0.460725126869 
585.5 0.432388506142 0.643671080109 0.234908885886 0.418585552433 
586.0 0.435573852766 0.612567175463 0.239230141118 0.454924241715 
586.5 0.44822795265 0.636017674536 0.236291251838 0.472374931576 
587.0 0.460873434063 0.686435528447 0.235461996235 0.460722777507 
587.5 0.452796354579 0.65335283426 0.238333141828 0.466703087648 
588.0 0.447614770679 0.641852056955 0.241578417988 0.459413837094 
588.5 0.446114041113 0.600105198117 0.244670697283 0.493566227937 
589.0 0.460082266955 0.620799900725 0.24219244901 0.51725445113 
589.5 0.45824866363 0.646619894528 0.242168765748 0.485957330614 
590.0 0.457360351556 0.68764987877 0.238507253679 0.445923922219 
590.5 0.456949794075 0.695089011294 0.239592149661 0.43616822127 
591.0 0.456159772115 0.692245041091 0.24029169296 0.435942582295 
591.5 0.450791847908 0.690501692457 0.239835096123 0.422038755144 
592.0 0.455725076312 0.670503064267 0.241513789958 0.45515837471 
592.5 0.460944136796 0.662127422809 0.241176141036 0.479528846543 
593.0 0.457113066978 0.659661266947 0.239445320254 0.472232613732 
593.5 0.461865426021 0.671014824838 0.239598255211 0.474983198015 
594.0 0.467842560426 0.674788279487 0.240470616054 0.488268785737 
594.5 0.484482480762 0.708337579956 0.242039109379 0.503070752952 
595.0 0.492477658435 0.678236004478 0.246870955447 0.552326015378 
595.5 0.483913768734 0.679130873811 0.243038697216 0.529571735174 
596.0 0.486386645301 0.70337320062 0.243244555726 0.512542179556 
596.5 0.492196893077 0.697778840054 0.248179116617 0.53063272256 
597.0 0.492446580881 0.674721340675 0.248001127077 0.55461727489 
597.5 0.483815925753 0.700366566888 0.243261415694 0.507819794678 
598.0 0.48486522828 0.698570656031 0.243042358139 0.512982670669 
598.5 0.487060778563 0.672298756932 0.24297244727 0.545911131486 
599.0 0.482006636526 0.640585650529 0.24214362845 0.5632906306 
599.5 0.481154054076 0.613958581563 0.240622263306 0.588881317358 
600.0 0.48230591131 0.628521547019 0.240924133773 0.577472053138 
600.5 0.491834016928 0.626679673645 0.244005542145 0.604816834994 
601.0 0.487522671317 0.638374913942 0.241246084965 0.582947015044 
601.5 0.488556192957 0.636846054498 0.242418142145 0.586404382227 
602.0 0.489512469398 0.630094931867 0.243949976564 0.594492499763 
602.5 0.499885835051 0.648643593089 0.241936106223 0.609077805841 
603.0 0.513071848238 0.651685967377 0.245516318632 0.642013258706 
603.5 0.514043211006 0.645340613097 0.246995857386 0.649793162535 
604.0 0.507675826734 0.621274864664 0.248860283603 0.652892331935 
604.5 0.523040987661 0.647340142645 0.252508241774 0.669274578564 
605.0 0.528164860613 0.651488733844 0.251402316595 0.6816035314 
605.5 0.536820987358 0.650663641738 0.253743535269 0.706055785066 
606.0 0.537449493943 0.667088789434 0.252967254493 0.692292437903 
606.5 0.521116025799 0.675569458694 0.248639366899 0.639139251805 
607.0 0.507768008043 0.658059042836 0.246932647952 0.618312333342 
607.5 0.509050425403 0.657882778735 0.250375196997 0.618893300478 
608.0 0.519371347483 0.69227511341 0.250232783186 0.615606145855 
608.5 0.530770682202 0.695495639644 0.255687567354 0.641128839607 
609.0 0.527082612836 0.682775323027 0.256730011388 0.641742504094 
609.5 0.533196245053 0.690824686696 0.259506673121 0.649257375343 
610.0 0.528769390922 0.731585694721 0.251483149812 0.603239328232 
610.5 0.518911856807 0.747820483669 0.249738601226 0.559176485526 
611.0 0.523766120008 0.75758539131 0.250730941192 0.56298202752 
611.5 0.527368955832 0.774591460954 0.247090899214 0.560424507329 
612.0 0.527811467836 0.781407849033 0.248280040502 0.553746513974 
612.5 0.537638617247 0.818392554867 0.248734498919 0.545788797954 
613.0 0.525990577491 0.817285864118 0.246852638609 0.513833229746 
613.5 0.52196811948 0.809793466211 0.245478471137 0.510632421091 
614.0 0.503074911747 0.830685045693 0.238553664756 0.439986024791 
614.5 0.499810951597 0.806304111091 0.239812081107 0.453316662593 
615.0 0.494769956824 0.819498119561 0.238475130038 0.426336620873 
615.5 0.503276564119 0.814458478845 0.242031464017 0.453339749496 
616.0 0.500752703721 0.813355417629 0.241142447195 0.447760246339 
616.5 0.504520778861 0.788510259285 0.245508525863 0.479543551435 
617.0 0.508973844437 0.784642939202 0.243040161576 0.499238432532 
617.5 0.508341552501 0.761679087744 0.244218393491 0.519127176269 
618.0 0.508402529784 0.749860719287 0.244291365113 0.531055504952 
618.5 0.517495357002 0.750976362116 0.244963483101 0.556546225789 
619.0 0.511203251971 0.708670924639 0.245634735194 0.579304096082 
619.5 0.500172241823 0.707118225811 0.243148190743 0.550250308913 
620.0 0.493779936866 0.714063416143 0.237885802596 0.52939059186 
620.5 0.492532636378 0.728459173674 0.237670016762 0.511468718699 
621.0 0.495738948225 0.762183028913 0.237124441161 0.487909374599 
621.5 0.491017471071 0.764572442086 0.236953453758 0.471526517369 
622.0 0.504532785231 0.853263280219 0.233987669681 0.426347405794 
622.5 0.506571562051 0.874741049787 0.234673322078 0.410300314288 
623.0 0.496218267262 0.845320939754 0.235092244549 0.408241617481 
623.5 0.508438089325 0.832530270122 0.23718714268 0.455596855174 
624.0 0.50777633565 0.831227308118 0.237580509151 0.454521189681 
624.5 0.490891829616 0.756195014146 0.236402327641 0.480078147061 
625.0 0.481979862208 0.776441561553 0.230163879751 0.43933414532 
625.5 0.479088615218 0.784559456048 0.227119643173 0.425586746434 
626.0 0.478422701063 0.765434854851 0.226916253683 0.442916994653 
626.5 0.468301624861 0.734118771827 0.224081390281 0.446704712473 
627.0 0.465019007128 0.730403485689 0.224005608388 0.440647927308 
627.5 0.468731107754 0.718492820048 0.226269987255 0.461430515959 
628.0 0.467992882279 0.721048445765 0.222301387515 0.460628813556 
628.5 0.466473216022 0.701793821452 0.224577289024 0.473048537589 
629.0 0.466771890913 0.710580928048 0.224603291544 0.465131453148 
629.5 0.470093346631 0.716243114949 0.223818435075 0.470218489868 
630.0 0.466578230412 0.684233939867 0.225616274242 0.489884477128 
630.5 0.466742085859 0.672009213455 0.224376318655 0.503840725466 
631.0 0.481954845738 0.673739925665 0.226063309771 0.546061301778 
631.5 0.482198222825 0.65983043004 0.227147382021 0.559616856415 
632.0 0.492596411325 0.682311833034 0.228319929546 0.567157471393 
632.5 0.492336443047 0.679436740547 0.228915690858 0.568656897736 
633.0 0.499516132107 0.708830036669 0.231004650152 0.558713709498 
633.5 0.509246331266 0.666157103106 0.235898642435 0.625683248258 
634.0 0.498443172177 0.662783419377 0.234716985694 0.59782911146 
634.5 0.482137301354 0.689157762105 0.232206955881 0.525047186075 
635.0 0.480499270033 0.666142319693 0.236919134666 0.53843635574 
635.5 0.487601744256 0.676998970672 0.240095299917 0.545710962177 
636.0 0.481740783843 0.661825335711 0.242382026899 0.54101498892 
636.5 0.471934654065 0.66844310651 0.239891567393 0.507469288291 
637.0 0.479494243123 0.691245416996 0.241953936485 0.505283375889 
637.5 0.488683405297 0.716022793369 0.243644484819 0.506382937702 
638.0 0.489587859704 0.705036909692 0.240489745422 0.523236923997 
638.5 0.496498110329 0.696979797826 0.243215604217 0.549298928945 
639.0 0.510531515539 0.730289092869 0.244957193636 0.556348260111 
639.5 0.508223907802 0.742357649549 0.244585758834 0.537728315024 
640.0 0.504725941942 0.727978938308 0.245343841859 0.540855045658 
640.5 0.526114011364 0.751312581373 0.248926798683 0.578102654036 
641.0 0.539603611689 0.756622837721 0.25349320103 0.608694796316 
641.5 0.540343923063 0.748393577717 0.253766414996 0.618871776475 
642.0 0.544938920975 0.74291531249 0.254506635376 0.63739481506 
642.5 0.531310997285 0.738645707812 0.250316162123 0.604971121919 
643.0 0.516111904482 0.73468352132 0.246922925341 0.566729266784 
643.5 0.511055661494 0.739195535336 0.246894134458 0.547077314689 
644.0 0.493553426519 0.686165790538 0.246025419496 0.548469069523 
644.5 0.502814767224 0.662680206586 0.2491276215 0.596636473585 
645.0 0.495008348484 0.632029388818 0.248798702719 0.604196953915 
645.5 0.492386515183 0.625325535765 0.246369581059 0.605464428724 
646.0 0.488217064961 0.598094853868 0.245674471961 0.620881869055 
646.5 0.491562734726 0.575888693641 0.247267267526 0.651532243012 
647.0 0.485726332484 0.602960106417 0.245043785259 0.609175105774 
647.5 0.500235163466 0.65013822925 0.246457959949 0.604109301199 
648.0 0.493915173408 0.673048874809 0.246793588516 0.561903056901 
648.5 0.500862349058 0.659573017081 0.247738781394 0.595275248699 
649.0 0.5067488184 0.664893718838 0.250850436069 0.604502300292 
649.5 0.502473734161 0.659484773487 0.25044911196 0.597487317034 
650.0 0.489376877808 0.673732493243 0.245367570979 0.549030569204 
650.5 0.503975521828 0.684967479249 0.246507202007 0.580451884228 
651.0 0.508241675777 0.681273206906 0.247841721029 0.595610099397 
651.5 0.503586760008 0.658426341229 0.24775906425 0.604574874544 
652.0 0.50362272417 0.685311905729 0.247748546937 0.577807719843 
652.5 0.500885697388 0.680616011684 0.245044525535 0.576996554946 
653.0 0.493280192664 0.662223221504 0.2438793481 0.573738008389 
653.5 0.4828089368 0.662709695106 0.243639342535 0.54207777276 
654.0 0.483702394225 0.634406075682 0.247248536799 0.569452570194 
654.5 0.486168159096 0.684840209278 0.244841062347 0.528823205663 
655.0 0.480588230735 0.637379454542 0.248845169847 0.555540067817 
655.5 0.477225729913 0.592909704732 0.246740534283 0.592026950725 
656.0 0.481794154974 0.602536777607 0.245580157574 0.597265529739 
656.5 0.480773740435 0.591293884241 0.244829970856 0.606197366206 
657.0 0.484309550825 0.591820704592 0.247628391404 0.613479556479 
657.5 0.486618053084 0.592765785814 0.248963467702 0.618124905736 
658.0 0.456503968488 0.591779640581 0.23883989622 0.538892368664 
658.5 0.459054163595 0.591971291522 0.238951869816 0.546239329447 
659.0 0.46621991177 0.585509449619 0.237566660832 0.575583624858 
659.5 0.456425132803 0.574076247405 0.233549879243 0.56164927176 
660.0 0.445058287654 0.558148041234 0.230954394748 0.54607242698 
660.5 0.440435460245 0.548741933467 0.231141132104 0.541423315163 
661.0 0.448026992071 0.566728404903 0.232619264072 0.544733307238 
661.5 0.443538358926 0.535605500451 0.232901138049 0.562108438279 
662.0 0.46254672573 0.571143580099 0.238060899677 0.578435697414 
662.5 0.462880137249 0.575272870817 0.238301762784 0.575065778147 
663.0 0.474585115214 0.578861577526 0.242812961055 0.60208080706 
663.5 0.466965502667 0.563340649348 0.242782616038 0.594773242616 
664.0 0.479090799352 0.600409609042 0.246916568527 0.589946220487 
664.5 0.480204051114 0.611724987739 0.246451619125 0.582435546479 
665.0 0.454674089046 0.62496238786 0.241134839782 0.497925039497 
665.5 0.464479301615 0.650780432883 0.244612713285 0.498044758678 
666.0 0.478533832538 0.67154903574 0.249367302961 0.514685158913 
666.5 0.489926974988 0.68859496648 0.252592246834 0.52859371165 
667.0 0.498280078771 0.696844143124 0.255525853995 0.542470239193 
667.5 0.509640666676 0.693485928777 0.258124498071 0.577311573179 
668.0 0.512417661391 0.705188215945 0.25756004203 0.5745047262 
668.5 0.514167344755 0.725631878781 0.258278472661 0.558591682824 
669.0 0.511421476062 0.690749566587 0.261784197814 0.581730663784 
669.5 0.507326528636 0.695179365766 0.261055646135 0.565744574006 
670.0 0.508695058351 0.693598777602 0.262603891335 0.569882506116 
670.5 0.502074520949 0.674937043398 0.258830286973 0.572456232478 
671.0 0.488066049267 0.700306175071 0.254714645227 0.509177327502 
671.5 0.491227678807 0.71524799869 0.254117322281 0.50431771545 
672.0 0.493047030843 0.68105660089 0.252345732116 0.545738759523 
672.5 0.491855724187 0.667258929325 0.254226529993 0.554081713243 
673.0 0.510826735437 0.674951920622 0.258768985587 0.598759300101 
673.5 0.516320140967 0.670250961627 0.261201866986 0.617507594287 
674.0 0.515448407819 0.687559897345 0.260140107852 0.598645218258 
674.5 0.516802293209 0.673375782134 0.262003773229 0.615027324263 
675.0 0.503039422294 0.656224210377 0.257439441395 0.595454615109 
675.5 0.496299473826 0.672878021158 0.25499234333 0.561028056989 
676.0 0.481039758446 0.641967918244 0.252699040878 0.548452316217 
676.5 0.487580926195 0.603265595098 0.256274084026 0.60320309946 
677.0 0.484818958804 0.628764538993 0.252743395409 0.572948942009 
677.5 0.474989453809 0.622729644075 0.252895050425 0.549343666927 
678.0 0.457954939158 0.614352514933 0.248482806871 0.511029495671 
678.5 0.456066089215 0.600139784442 0.246956208705 0.521102274499 
679.0 0.431959375235 0.578962458112 0.242412669674 0.47450299792 
679.5 0.445281536465 0.59503048024 0.244059283916 0.496754845238 
680.0 0.441991803214 0.607058940376 0.243530286893 0.475386182374 
680.5 0.444563419249 0.610197126095 0.243905462728 0.479587668924 
681.0 0.462151953613 0.602543715646 0.249356694437 0.534555450757 
681.5 0.468476630743 0.594020841902 0.251086976946 0.560322073382 
682.0 0.472234733509 0.596048313119 0.251027336057 0.569628551351 
682.5 0.476153040648 0.613839029866 0.250422819285 0.564197272794 
683.0 0.47718922714 0.614176629837 0.252366134451 0.565024917132 
683.5 0.479454944813 0.611514569611 0.253970903134 0.572879361694 
684.0 0.479418025563 0.616430627772 0.252246831175 0.569576617743 
684.5 0.481465470513 0.641164390968 0.250846999055 0.552385021517 
685.0 0.466050468744 0.640325321068 0.248140719675 0.509685365487 
685.5 0.473850745708 0.658992195574 0.25190934076 0.510650700791 
686.0 0.477002929673 0.646394458626 0.25465307571 0.529961254682 
686.5 0.476095671987 0.674290031039 0.248372350949 0.505624633973 
687.0 0.45513862535 0.647543933974 0.246386358603 0.471485583474 
687.5 0.453631304641 0.669383783056 0.242645943668 0.448864187197 
688.0 0.45677665697 0.684787806837 0.243984565068 0.441557599005 
688.5 0.461488727706 0.680944574975 0.246145281589 0.457376326555 
689.0 0.456882184169 0.690689472754 0.244975322681 0.43498175707 
689.5 0.453168101927 0.691538483219 0.244170130322 0.423795692241 
690.0 0.458463572229 0.67144514546 0.246576237627 0.457369333599 
690.5 0.463335236652 0.696911969319 0.247874418187 0.44521932245 
691.0 0.477903920196 0.683627894138 0.252438907825 0.497644958625 
691.5 0.501772049444 0.733859309623 0.253413829266 0.518043009443 
692.0 0.501836284292 0.733180182266 0.254012836673 0.518315833938 
692.5 0.505144676212 0.724093297716 0.251474720088 0.539866010833 
693.0 0.494775403936 0.727674053517 0.250520387422 0.506131770867 
693.5 0.496654610488 0.712788264459 0.25554307607 0.521632490935 
694.0 0.502855349459 0.716919374558 0.258690197794 0.532956476025 
694.5 0.51112948035 0.724230374592 0.259414409749 0.54974365671 
695.0 0.502992811911 0.711369594831 0.260162954479 0.537445886424 
695.5 0.506749706151 0.718477613927 0.260585494144 0.541186010382 
696.0 0.501146428263 0.69487067213 0.262326501114 0.546242111543 
696.5 0.475695647934 0.662304287565 0.255657407098 0.509125249138 
697.0 0.475269253865 0.644070082533 0.258048746007 0.523688933057 
697.5 0.480257541921 0.638937989573 0.261280057003 0.540554579188 
698.0 0.469354780192 0.665410747183 0.257039031896 0.485614561498 
698.5 0.461739733846 0.690351482352 0.253913065489 0.440954653696 
699.0 0.472100619886 0.690223813661 0.256260332454 0.469817713542 
699.5 0.465077447909 0.675532250254 0.254347858648 0.465352234826 
700.0 0.466518940072 0.669398602035 0.252502848225 0.477655369957 
700.5 0.45777038214 0.647747762597 0.249156003724 0.476407380098 
701.0 0.461041328704 0.65534448104 0.248745449768 0.479034055304 
701.5 0.478395002481 0.70097057965 0.249034179865 0.485180247927 
702.0 0.484066905345 0.686607883511 0.250515431569 0.515077400955 
702.5 0.485520156012 0.72307299131 0.252702126076 0.48078535065 
703.0 0.480924093408 0.714784738689 0.253021328972 0.474966212562 
703.5 0.486083305836 0.72538048591 0.250294076425 0.482575355173 
704.0 0.49121921776 0.715802488011 0.256156637874 0.501698527394 
704.5 0.484456811284 0.696173542462 0.25385330539 0.503343585999 
705.0 0.479382531573 0.697432046786 0.249745055204 0.490970492728 
705.5 0.478220602229 0.720006183989 0.250789724717 0.463865897982 
706.0 0.47472683811 0.700185396621 0.250845089629 0.473150028079 
706.5 0.475534059536 0.700389214265 0.251093859802 0.475119104541 
707.0 0.49081385704 0.747407860541 0.24940216378 0.475631546799 
707.5 0.497834733828 0.797015636691 0.245813804199 0.450674760596 
708.0 0.491031707052 0.780359014885 0.247165769682 0.44557033659 
708.5 0.496849292113 0.790850093713 0.245644018716 0.454053763911 
709.0 0.503388097033 0.765572218723 0.248147118615 0.49644495376 
709.5 0.525402437009 0.78490095994 0.247457679213 0.543848671873 
710.0 0.536814376893 0.764946423908 0.24976100128 0.595735705491 
710.5 0.529910019798 0.730861082873 0.250465880225 0.608403096296 
711.0 0.501388547527 0.714556933041 0.242829415297 0.546779294243 
711.5 0.497092591511 0.711126902995 0.241167807563 0.538983063975 
712.0 0.499422154806 0.719747570132 0.238834531843 0.539684362443 
712.5 0.494005079909 0.689105226877 0.239430966896 0.553479045954 
713.0 0.507111209286 0.692530747883 0.241529400224 0.58727347975 
713.5 0.506669608479 0.727346325734 0.239118708765 0.553543790937 
714.0 0.500485835493 0.696113274923 0.238258625661 0.567085605895 
714.5 0.508470658113 0.747843407299 0.237452010038 0.540116557003 
715.0 0.503642132975 0.702972581315 0.238726206069 0.569227611542 
715.5 0.506359378088 0.700510004365 0.239705675212 0.578862454687 
716.0 0.523253476122 0.726988139723 0.242281744596 0.600490544046 
716.5 0.522470406987 0.708095175587 0.244007014311 0.615309031063 
717.0 0.517054493686 0.713820485401 0.245003444751 0.592339550906 
717.5 0.51938204046 0.692237523088 0.246563174852 0.61934542344 
718.0 0.508526531626 0.689210298901 0.242921220809 0.593448075169 
718.5 0.515052725461 0.69005109994 0.243553781573 0.611553294871 
719.0 0.538440159618 0.750632500295 0.24607752386 0.6186104547 
719.5 0.533486244108 0.768585715227 0.246100603363 0.585772413733 
